time (s)	coil I (A)	last det (V)	int current (uC)
64414.870672	0.327801	-203.515625	116.992187
64414.872674	0.629363	-203.515625	116.992187
64414.874674	0.791657	-203.515625	116.992187
64414.876672	0.791990	8.711894	0.234148
64415.898665	0.311589	-433.105469	2.246094
64415.900667	0.613908	-433.105469	2.246094
64415.902666	0.790192	-433.105469	2.246094
64415.904666	0.790904	8.699947	0.254118
64416.962692	0.751895	-194.628906	168.554687
64416.964693	0.792522	-194.628906	168.554687
64416.966694	0.790038	8.690420	0.226488
64417.990706	0.744717	-431.640625	0.195312
64417.992709	0.791674	-431.640625	0.195312
64417.994709	0.789161	8.680769	0.264084
64419.040773	0.385509	-196.289062	112.011719
64419.042777	0.680900	-196.289062	112.011719
64419.044776	0.793666	-196.289062	112.011719
64419.046776	0.791070	8.701773	0.232042
64420.072797	0.359437	-432.714844	-2.539062
64420.074797	0.658400	-432.714844	-2.539062
64420.076800	0.793586	-432.714844	-2.539062
64420.078799	0.791402	8.705424	0.282458
64421.126841	0.566104	-193.359375	115.429687
64421.128842	0.781713	-193.359375	115.429687
64421.130844	0.791315	-193.359375	115.429687
64421.132843	0.791232	8.703554	0.398179
64422.158902	0.545248	-436.718750	-3.027344
64422.160903	0.775238	-436.718750	-3.027344
64422.162902	0.791129	-436.718750	-3.027344
64422.164902	0.788925	8.678172	0.369829
64423.210974	0.457212	-199.218750	39.160156
64423.212977	0.733065	-199.218750	39.160156
64423.214977	0.792233	-199.218750	39.160156
64423.216976	0.789572	8.685288	0.269917
64424.243024	0.436312	-447.753906	-0.878906
64424.245026	0.719406	-447.753906	-0.878906
64424.247028	0.792268	-447.753906	-0.878906
64424.249026	0.789515	8.684660	0.335652
64425.291033	0.349806	-197.753906	63.281250
64425.293034	0.649770	-197.753906	63.281250
64425.295035	0.793713	-197.753906	63.281250
64425.297033	0.791911	8.711017	0.289802
64426.327071	0.309939	-457.617187	1.171875
64426.329073	0.340453	-457.617187	1.171875
64426.331073	0.789995	-457.617187	1.171875
64426.335071	0.788937	8.678306	0.352148
64427.381627	0.594131	-199.218750	63.769531
64427.383629	0.787588	-199.218750	63.769531
64427.385628	0.791059	-199.218750	63.769531
64427.389628	0.787815	8.665969	0.578354
64428.411655	0.265542	-448.730469	-1.171875
64428.413656	0.569820	-448.730469	-1.171875
64428.415655	0.781889	-448.730469	-1.171875
64428.417656	0.790526	-448.730469	-1.171875
64428.419656	0.788437	8.672812	0.357406
64429.465751	0.484243	-207.128906	18.359375
64429.467753	0.748556	-207.128906	18.359375
64429.469752	0.791384	-207.128906	18.359375
64429.471752	0.788943	8.678368	0.316128
64430.496715	0.296666	-455.957031	1.171875
64430.498726	0.349421	-455.957031	1.171875
64430.500722	0.789538	-455.957031	1.171875
64430.502723	0.792218	-455.957031	1.171875
64430.504723	0.790188	8.692069	0.358977
64431.554752	0.489948	-204.492187	71.972656
64431.556755	0.751867	-204.492187	71.972656
64431.558754	0.791835	-204.492187	71.972656
64431.560755	0.789360	8.682958	0.309859
64432.588869	0.745842	-472.656250	6.542969
64432.594870	0.787809	-472.656250	6.542969
64432.596870	0.786718	8.653899	0.337125
64433.643835	0.507688	-213.671875	46.191406
64433.645838	0.760444	-213.671875	46.191406
64433.647838	0.791666	-213.671875	46.191406
64433.649838	0.789320	8.682524	0.293278
64434.676372	0.559626	-459.375000	5.859375
64434.678372	0.779923	-459.375000	5.859375
64434.680373	0.791397	-459.375000	5.859375
64434.682373	0.789249	8.681735	0.429055
64435.756407	0.363894	-206.835937	131.445312
64435.758409	0.662216	-206.835937	131.445312
64435.760410	0.791898	-206.835937	131.445312
64435.762410	0.791924	8.711166	0.263775
64436.792997	0.409515	-442.578125	5.273437
64436.794999	0.700012	-442.578125	5.273437
64436.797000	0.793271	-442.578125	5.273437
64436.798999	0.790460	8.695064	0.270916
64437.837011	0.338835	-205.078125	175.585937
64437.839014	0.639568	-205.078125	175.585937
64437.841014	0.792790	-205.078125	175.585937
64437.845012	0.789726	8.686991	0.291257
64438.895079	0.534312	-434.570312	4.980469
64438.897080	0.771420	-434.570312	4.980469
64438.899080	0.791281	-434.570312	4.980469
64438.901081	0.789075	8.679830	0.313625
64439.925114	0.768016	-200.097656	190.527344
64439.927114	0.791330	-200.097656	190.527344
64439.929114	0.789141	8.680556	0.318422
64440.977142	0.714219	-459.375000	10.253906
64440.979144	0.792006	-459.375000	10.253906
64440.981146	0.789329	8.682622	0.338107
64441.999169	0.433468	-201.953125	123.535156
64442.001169	0.717300	-201.953125	123.535156
64442.003169	0.792105	-201.953125	123.535156
64442.005170	0.789384	8.683224	0.329189
64443.063191	0.286881	-429.882812	1.953125
64443.065193	0.590198	-429.882812	1.953125
64443.067193	0.786242	-429.882812	1.953125
64443.069193	0.790274	-429.882812	1.953125
64443.071193	0.788394	8.672333	0.342095
64444.083238	0.309149	-195.703125	113.281250
64444.085242	0.611373	-195.703125	113.281250
64444.087241	0.788944	-195.703125	113.281250
64444.089240	0.789846	8.688302	0.320723
64445.155275	0.735873	-442.675781	3.808594
64445.159276	0.788886	-442.675781	3.808594
64445.161278	0.787450	8.661955	0.332217
64446.173294	0.478140	-195.507812	67.285156
64446.175294	0.744952	-195.507812	67.285156
64446.177295	0.790927	-195.507812	67.285156
64446.179295	0.788526	8.673786	0.312066
64447.243286	0.618769	-428.125000	-2.050781
64447.245287	0.790041	-428.125000	-2.050781
64447.247288	0.790168	8.691847	0.315607
64448.277832	0.357235	-190.820312	84.277344
64448.279836	0.656301	-190.820312	84.277344
64448.281836	0.793094	-190.820312	84.277344
64448.283837	0.790982	8.700807	0.253471
64449.329863	0.254645	-416.503906	-7.421875
64449.331867	0.559574	-416.503906	-7.421875
64449.333865	0.779392	-416.503906	-7.421875
64449.335865	0.790577	-416.503906	-7.421875
64449.337865	0.788482	8.673307	0.333615
64450.379865	0.475408	-185.156250	168.554687
64450.381867	0.743654	-185.156250	168.554687
64450.383866	0.791456	-185.156250	168.554687
64450.387867	0.788984	8.678820	0.266188
64451.413882	0.727050	-435.742187	-4.003906
64451.415883	0.791807	-435.742187	-4.003906
64451.417884	0.789154	8.680698	0.356930
64452.464843	0.492681	-199.414062	104.980469
64452.466846	0.753026	-199.414062	104.980469
64452.468845	0.791298	-199.414062	104.980469
64452.470846	0.788897	8.677862	0.309881
64453.501413	0.790447	-425.781250	-4.394531
64453.503415	0.788384	-425.781250	-4.394531
64453.505417	0.787081	8.657896	0.432027
64454.553474	0.443449	-201.269531	142.871094
64454.555481	0.724025	-201.269531	142.871094
64454.557483	0.791679	-201.269531	142.871094
64454.559484	0.788969	8.678660	0.322168
64455.585559	0.427563	-428.710937	-1.757812
64455.587560	0.713145	-428.710937	-1.757812
64455.589561	0.792190	-428.710937	-1.757812
64455.591562	0.789486	8.684350	0.357346
64456.637597	0.330294	-206.933594	147.070312
64456.639599	0.631498	-206.933594	147.070312
64456.641601	0.791927	-206.933594	147.070312
64456.643600	0.791019	8.701215	0.330279
64457.673600	0.283563	-440.234375	2.148437
64457.675600	0.586875	-440.234375	2.148437
64457.677602	0.785713	-440.234375	2.148437
64457.679602	0.790371	-440.234375	2.148437
64457.681605	0.788425	8.672678	0.349820
64458.727625	0.489970	-208.886719	155.664062
64458.729627	0.751507	-208.886719	155.664062
64458.731627	0.791314	-208.886719	155.664062
64458.733627	0.788916	8.678075	0.337105
64459.777643	0.697384	-435.644531	2.539062
64459.779644	0.792837	-435.644531	2.539062
64459.781645	0.790058	8.690642	0.331770
64460.820191	0.415765	-214.160156	131.152344
64460.822192	0.704493	-214.160156	131.152344
64460.824194	0.792088	-214.160156	131.152344
64460.826194	0.789299	8.682284	0.349631
64461.864171	0.340188	-429.882812	2.636719
64461.866172	0.640778	-429.882812	2.636719
64461.868172	0.792465	-429.882812	2.636719
64461.870173	0.791045	8.701498	0.351889
64462.910202	0.572719	-204.394531	200.097656
64462.912204	0.782728	-204.394531	200.097656
64462.914202	0.790638	-204.394531	200.097656
64462.916202	0.788564	8.674202	0.367790
64463.954260	0.509726	-443.164062	4.980469
64463.956261	0.761142	-443.164062	4.980469
64463.958263	0.791123	-443.164062	4.980469
64463.960269	0.788876	8.677632	0.368049
64464.997172	0.270583	-209.570312	171.679687
64464.999174	0.574521	-209.570312	171.679687
64465.001173	0.783330	-209.570312	171.679687
64465.003173	0.790698	-209.570312	171.679687
64465.005173	0.788619	8.674814	0.379423
64466.043164	0.501957	-416.210937	0.000000
64466.045165	0.510217	-416.210937	0.000000
64466.047164	0.791198	-416.210937	0.000000
64466.049164	0.788918	8.678093	0.380158
64467.087700	0.510443	-204.882812	197.851562
64467.089702	0.761395	-204.882812	197.851562
64467.091701	0.790933	-204.882812	197.851562
64467.093701	0.788703	8.675735	0.385649
64468.127755	0.462040	-428.906250	2.050781
64468.129756	0.735740	-428.906250	2.050781
64468.133756	0.788712	-428.906250	2.050781
64468.135757	0.787160	8.658755	0.389046
64469.179813	0.369132	-211.523437	149.121094
64469.181817	0.666693	-211.523437	149.121094
64469.183823	0.793268	-211.523437	149.121094
64469.185824	0.790917	8.700089	0.374506
64470.224791	0.791347	-432.910156	2.441406
64470.226794	0.788777	-432.910156	2.441406
64470.228792	0.788717	8.675886	0.378216
64471.269709	0.509562	-205.859375	173.144531
64471.271711	0.760869	-205.859375	173.144531
64471.273710	0.790811	-205.859375	173.144531
64471.275711	0.788577	8.674344	0.364057
64472.305721	0.467888	-410.839844	-3.710937
64472.307723	0.739373	-410.839844	-3.710937
64472.309724	0.791562	-410.839844	-3.710937
64472.311724	0.789083	8.679910	0.388232
64473.362196	0.424610	-204.199219	154.199219
64473.364195	0.710659	-204.199219	154.199219
64473.366200	0.720625	-204.199219	154.199219
64473.368199	0.788715	8.675868	0.346068
64474.396790	0.748997	-402.929687	-7.910156
64474.398792	0.791698	-402.929687	-7.910156
64474.400789	0.789192	8.681115	0.383500
64475.448824	0.683517	-196.972656	176.757812
64475.450826	0.792492	-196.972656	176.757812
64475.452825	0.789801	8.687806	0.349631
64476.484874	0.652314	-406.542969	-10.449219
64476.486873	0.792272	-406.542969	-10.449219
64476.488874	0.790303	8.693336	0.406481
64477.532961	0.578592	-203.320312	95.019531
64477.534963	0.783707	-203.320312	95.019531
64477.536965	0.790099	-203.320312	95.019531
64477.538963	0.788110	8.669212	0.565732
64478.577032	0.518648	-400.878906	-12.402344
64478.579034	0.765168	-400.878906	-12.402344
64478.581032	0.791212	-400.878906	-12.402344
64478.583033	0.788963	8.678597	0.442822
64479.617110	0.472963	-195.019531	129.492187
64479.619115	0.742237	-195.019531	129.492187
64479.621116	0.791338	-195.019531	129.492187
64479.623117	0.788834	8.677171	0.385712
64480.673158	0.364635	-396.386719	-11.328125
64480.675159	0.662733	-396.386719	-11.328125
64480.677159	0.792830	-396.386719	-11.328125
64480.679159	0.790541	8.695951	0.454348
64481.709181	0.322351	-186.230469	184.667969
64481.711181	0.623881	-186.230469	184.667969
64481.713180	0.791332	-186.230469	184.667969
64481.715181	0.791154	8.702694	0.376567
64482.771204	0.499048	-405.273437	-6.542969
64482.773204	0.756094	-405.273437	-6.542969
64482.775204	0.791234	-405.273437	-6.542969
64482.777203	0.788888	8.677765	0.420627
64483.799796	0.573814	-190.234375	163.085937
64483.801798	0.782978	-190.234375	163.085937
64483.803799	0.790484	-190.234375	163.085937
64483.805803	0.788412	8.672536	0.363523
64484.860402	0.533551	-410.156250	-4.199219
64484.862402	0.770689	-410.156250	-4.199219
64484.864403	0.790580	-410.156250	-4.199219
64484.866402	0.788449	8.672935	0.405655
64485.890448	0.767997	-193.359375	181.542969
64485.892451	0.790784	-193.359375	181.542969
64485.894450	0.788625	8.674875	0.348293
64486.951374	0.772243	-417.187500	-1.464844
64486.953371	0.791301	-417.187500	-1.464844
64486.955372	0.789033	8.679360	0.389140
64487.979936	0.789247	-189.257812	244.726562
64487.981939	0.790668	-189.257812	244.726562
64487.983938	0.788777	8.676541	0.362033
64489.037980	0.484488	-411.425781	-2.246094
64489.039983	0.748513	-411.425781	-2.246094
64489.041981	0.791010	-411.425781	-2.246094
64489.043982	0.788632	8.674955	0.388666
64490.066033	0.478054	-205.859375	200.097656
64490.068035	0.744840	-205.859375	200.097656
64490.070035	0.790776	-205.859375	200.097656
64490.072037	0.788328	8.671605	0.394094
64491.124142	0.674091	-407.324219	-2.246094
64491.126144	0.792506	-407.324219	-2.246094
64491.128143	0.789965	8.689614	0.410804
64492.158178	0.339775	-205.468750	225.000000
64492.160178	0.640181	-205.468750	225.000000
64492.162178	0.791206	-205.468750	225.000000
64492.164178	0.789763	8.687398	0.428701
64493.208210	0.558240	-422.851562	0.390625
64493.210211	0.778965	-422.851562	0.390625
64493.212212	0.790481	-422.851562	0.390625
64493.214212	0.788455	8.673006	0.523044
64494.254743	0.244487	-206.933594	217.773437
64494.256743	0.550168	-206.933594	217.773437
64494.258742	0.776487	-206.933594	217.773437
64494.260741	0.790490	-206.933594	217.773437
64494.262741	0.788409	8.672501	0.425649
64495.296781	0.501182	-419.628906	-0.488281
64495.300782	0.790518	-419.628906	-0.488281
64495.302783	0.788214	-419.628906	-0.488281
64495.304783	0.786845	8.655290	0.422721
64496.345311	0.493708	-213.378906	172.167969
64496.347313	0.753269	-213.378906	172.167969
64496.349318	0.790852	-213.378906	172.167969
64496.351317	0.788503	8.673529	0.416621
64497.387335	0.722687	-415.332031	-2.050781
64497.389334	0.792931	-415.332031	-2.050781
64497.391334	0.790186	8.692042	0.419228
64498.437861	0.419657	-202.246094	218.750000
64498.439862	0.707489	-202.246094	218.750000
64498.441863	0.793080	-202.246094	218.750000
64498.443863	0.790289	8.693176	0.395096
64499.473922	0.384592	-402.734375	-4.882812
64499.475924	0.679761	-402.734375	-4.882812
64499.477923	0.792576	-402.734375	-4.882812
64499.481922	0.788220	8.670418	0.413441
64500.525979	0.289617	-197.265625	238.183594
64500.527982	0.592626	-197.265625	238.183594
64500.529981	0.786705	-197.265625	238.183594
64500.531981	0.790373	-197.265625	238.183594
64500.533980	0.788482	8.673298	0.391013
64501.559981	0.562278	-397.558594	-7.031250
64501.561983	0.780315	-397.558594	-7.031250
64501.563982	0.790889	-397.558594	-7.031250
64501.565983	0.788756	8.676311	0.547246
64502.616002	0.452170	-197.363281	233.691406
64502.618004	0.729348	-197.363281	233.691406
64502.620005	0.791134	-197.363281	233.691406
64502.622005	0.788579	8.674371	0.390123
64503.650032	0.713342	-405.859375	-6.640625
64503.652035	0.791687	-405.859375	-6.640625
64503.654039	0.788980	8.678776	0.428821
64504.704569	0.392433	-206.640625	187.988281
64504.706571	0.686203	-206.640625	187.988281
64504.708572	0.792517	-206.640625	187.988281
64504.710570	0.789872	8.688595	0.400773
64505.737145	0.450221	-401.757812	-7.812500
64505.739148	0.728087	-401.757812	-7.812500
64505.741147	0.790979	-401.757812	-7.812500
64505.743148	0.788408	8.672492	0.436241
64506.791207	0.656930	-200.097656	234.082031
64506.793209	0.791733	-200.097656	234.082031
64506.795210	0.789606	8.685661	0.419611
64507.825719	0.393581	-400.000000	-7.519531
64507.827722	0.687343	-400.000000	-7.519531
64507.829722	0.793223	-400.000000	-7.519531
64507.831722	0.790467	8.695135	0.440176
64508.879756	0.597170	-208.105469	203.515625
64508.883756	0.789692	-208.105469	203.515625
64508.885767	0.789547	-208.105469	203.515625
64508.887768	0.786546	8.652011	0.416633
64509.915827	0.563144	-422.363281	-2.832031
64509.917831	0.779904	-422.363281	-2.832031
64509.919830	0.789928	-422.363281	-2.832031
64509.921832	0.787931	8.667245	0.438695
64510.967855	0.466554	-207.128906	222.070312
64510.969857	0.738401	-207.128906	222.070312
64510.971855	0.791134	-207.128906	222.070312
64510.973856	0.788631	8.674938	0.415886
64512.007903	0.416652	-413.867187	-3.613281
64512.009906	0.705164	-413.867187	-3.613281
64512.011905	0.792834	-413.867187	-3.613281
64512.013906	0.790012	8.690128	0.427444
64513.056472	0.415922	-210.253906	217.968750
64513.058473	0.704274	-210.253906	217.968750
64513.060472	0.791415	-210.253906	217.968750
64513.062474	0.788758	8.676338	0.417762
64514.104485	0.329466	-391.992187	-5.468750
64514.106487	0.630487	-391.992187	-5.468750
64514.108488	0.791220	-391.992187	-5.468750
64514.110487	0.790456	8.695020	0.400645
64515.144557	0.280993	-211.816406	217.871094
64515.146560	0.584277	-211.816406	217.871094
64515.148563	0.784704	-211.816406	217.871094
64515.150566	0.789785	-211.816406	217.871094
64515.152564	0.787815	8.665969	0.426762
64516.195112	0.581445	-417.871094	-1.660156
64516.197115	0.784444	-417.871094	-1.660156
64516.199116	0.790194	-417.871094	-1.660156
64516.201113	0.790124	8.691360	0.419357
64517.230083	0.384261	-206.347656	234.277344
64517.232085	0.679435	-206.347656	234.277344
64517.234087	0.792889	-206.347656	234.277344
64517.236085	0.790286	8.693150	0.448770
64518.288143	0.577266	-393.066406	-5.664062
64518.290145	0.783445	-393.066406	-5.664062
64518.292144	0.790119	-393.066406	-5.664062
64518.294144	0.788231	8.670542	0.605473
64519.316177	0.568252	-212.792969	195.898437
64519.318177	0.781393	-212.792969	195.898437
64519.320178	0.790233	-212.792969	195.898437
64519.322177	0.788237	8.670604	0.469164
64520.375098	0.271763	-391.699219	-6.445312
64520.377098	0.575547	-391.699219	-6.445312
64520.379098	0.783641	-391.699219	-6.445312
64520.381098	0.790957	-391.699219	-6.445312
64520.383098	0.788956	8.678518	0.450967
64521.403135	0.784141	-204.492187	209.179687
64521.405137	0.789846	-204.492187	209.179687
64521.407137	0.787860	8.666456	0.657612
64522.471651	0.756896	-381.933594	-8.007812
64522.473653	0.790211	-381.933594	-8.007812
64522.475654	0.787988	8.667866	0.432974
64523.491663	0.763525	-197.753906	211.621094
64523.493665	0.790365	-197.753906	211.621094
64523.495668	0.788143	8.669576	0.443076
64524.562218	0.427188	-387.207031	-8.984375
64524.564220	0.712566	-387.207031	-8.984375
64524.566220	0.791450	-387.207031	-8.984375
64524.568221	0.788792	8.676710	0.436501
64525.582776	0.524768	-188.476562	232.519531
64525.584778	0.767212	-188.476562	232.519531
64525.586777	0.790512	-188.476562	232.519531
64525.588779	0.788371	8.672084	0.411061
64526.650811	0.373184	-386.132812	-11.914062
64526.652813	0.670184	-386.132812	-11.914062
64526.654814	0.792842	-386.132812	-11.914062
64526.656814	0.790304	8.693345	0.447128
64527.682832	0.346489	-183.398437	250.585937
64527.684834	0.646286	-183.398437	250.585937
64527.686834	0.790953	-183.398437	250.585937
64527.688832	0.789229	8.681522	0.386325
64528.734879	0.246143	-373.046875	-17.089844
64528.736879	0.551632	-373.046875	-17.089844
64528.738880	0.776586	-373.046875	-17.089844
64528.740881	0.790091	-373.046875	-17.089844
64528.742880	0.788019	8.668211	0.488248
64529.772897	0.511614	-190.722656	217.480469
64529.774898	0.761484	-190.722656	217.480469
64529.776898	0.790258	-190.722656	217.480469
64529.778900	0.788090	8.668991	0.415397
64530.816961	0.451990	-378.417969	-17.773437
64530.818963	0.729453	-378.417969	-17.773437
64530.820962	0.791520	-378.417969	-17.773437
64530.822962	0.788871	8.677579	0.525144
64531.864992	0.791854	-200.390625	183.300781
64531.866997	0.789305	-200.390625	183.300781
64531.868996	0.787750	8.665252	0.453226
64532.903554	0.700254	-368.164062	-19.335937
64532.905556	0.792695	-368.164062	-19.335937
64532.907555	0.789920	8.689117	0.539340
64533.951599	0.630262	-194.628906	231.152344
64533.953600	0.790434	-194.628906	231.152344
64533.955602	0.789693	8.686619	0.481991
64534.985623	0.286557	-379.785156	-16.894531
64534.987624	0.589603	-379.785156	-16.894531
64534.989624	0.785633	-379.785156	-16.894531
64534.991624	0.789693	-379.785156	-16.894531
64534.993624	0.787762	8.665384	0.540586
64536.041660	0.754704	-195.800781	242.871094
64536.043660	0.790914	-195.800781	242.871094
64536.045662	0.788612	8.674734	0.468365
64537.075711	0.461203	-377.734375	-16.113281
64537.077713	0.734968	-377.734375	-16.113281
64537.081712	0.788521	-377.734375	-16.113281
64537.083713	0.787131	8.658445	0.516503
64538.131758	0.351560	-200.683594	232.617187
64538.133759	0.650865	-200.683594	232.617187
64538.135759	0.792263	-200.683594	232.617187
64538.137759	0.790340	8.693735	0.448233
64539.163828	0.333219	-398.828125	-12.402344
64539.165829	0.633894	-398.828125	-12.402344
64539.167827	0.791025	-398.828125	-12.402344
64539.169829	0.790033	8.690358	0.503003
64540.220395	0.301676	-203.320312	233.203125
64540.222413	0.603948	-203.320312	233.203125
64540.224417	0.788399	-203.320312	233.203125
64540.226417	0.789862	-203.320312	233.203125
64540.228418	0.788011	8.668122	0.445969
64541.258474	0.573804	-401.855469	-10.253906
64541.260477	0.782427	-401.855469	-10.253906
64541.262477	0.789912	-401.855469	-10.253906
64541.264477	0.787903	8.666935	0.479094
64542.314510	2.175427	-201.464844	248.632812
64542.316513	0.737541	-201.464844	248.632812
64542.318513	0.791486	-201.464844	248.632812
64542.320513	0.788988	8.678872	0.428704
64543.350519	0.422592	-394.628906	-9.863281
64543.352517	0.709201	-394.628906	-9.863281
64543.354522	0.791587	-394.628906	-9.863281
64543.356522	0.788893	8.677827	0.462037
64544.408565	0.613204	-189.843750	294.140625
64544.410566	0.789681	-189.843750	294.140625
64544.412565	0.790450	8.694949	0.737446
64545.439529	0.429823	-376.269531	-11.621094
64545.441530	0.714220	-376.269531	-11.621094
64545.443530	0.790999	-376.269531	-11.621094
64545.445529	0.788382	8.672199	0.468540
64546.495535	0.312100	-199.316406	255.371094
64546.497535	0.613929	-199.316406	255.371094
64546.499536	0.788984	-199.316406	255.371094
64546.501538	0.789560	8.685156	0.425341
64547.533552	0.570595	-370.996094	-12.792969
64547.535554	0.781705	-370.996094	-12.792969
64547.537554	0.789827	-370.996094	-12.792969
64547.539554	0.787828	8.666111	0.608955
64548.589567	0.459816	-193.261719	274.218750
64548.591568	0.734221	-193.261719	274.218750
64548.593568	0.791022	-193.261719	274.218750
64548.595567	0.788490	8.673387	0.401986
64549.621628	0.439669	-362.597656	-14.550781
64549.623631	0.721205	-362.597656	-14.550781
64549.625631	0.791549	-362.597656	-14.550781
64549.627632	0.788930	8.678226	0.471067
64550.677660	0.328725	-199.316406	240.429687
64550.679661	0.629680	-199.316406	240.429687
64550.681660	0.790474	-199.316406	240.429687
64550.683660	0.789678	8.686459	0.398955
64551.712589	0.722551	-378.808594	-15.527344
64551.714590	0.791146	-378.808594	-15.527344
64551.716591	0.788503	8.673537	0.464250
64552.767137	1.828151	-191.601562	263.085937
64552.769139	0.698280	-191.601562	263.085937
64552.771139	0.792428	-191.601562	263.085937
64552.773138	0.789640	8.686042	0.391101
64553.803200	0.374446	-351.367187	-20.312500
64553.805200	0.670997	-351.367187	-20.312500
64553.807200	0.791956	-351.367187	-20.312500
64553.809199	0.789509	8.684598	0.468395
64554.851234	0.289068	-185.742187	279.101562
64554.853236	0.591933	-185.742187	279.101562
64554.855235	0.785786	-185.742187	279.101562
64554.859235	0.787502	-185.742187	279.101562
64554.861236	0.786221	8.648431	0.410524
64555.893256	0.537222	-357.031250	-23.046875
64555.895257	0.771664	-357.031250	-23.046875
64555.897258	0.789944	-357.031250	-23.046875
64555.899259	0.787794	8.665738	0.502268
64556.937309	1.171928	-199.609375	206.250000
64556.939312	0.743203	-199.609375	206.250000
64556.941311	0.790744	-199.609375	206.250000
64556.943313	0.788292	8.671216	0.434729
64557.985314	0.390285	-358.886719	-22.656250
64557.987317	0.684414	-358.886719	-22.656250
64557.991314	0.790077	-358.886719	-22.656250
64557.993322	0.788398	8.672377	0.502592
64559.025354	0.337403	-194.628906	226.464844
64559.027356	0.637768	-194.628906	226.464844
64559.029356	0.791712	-194.628906	226.464844
64559.031355	0.790472	8.695197	0.441704
64560.079351	0.536908	-364.257812	-19.824219
64560.081355	0.771207	-364.257812	-19.824219
64560.083354	0.789473	-364.257812	-19.824219
64560.085354	0.787388	8.661263	0.508967
64561.113875	0.268247	-176.562500	305.859375
64561.115877	0.572212	-176.562500	305.859375
64561.117877	0.782673	-176.562500	305.859375
64561.119877	0.790605	-176.562500	305.859375
64561.121876	0.788535	8.673883	0.437943
64562.171909	0.463356	-358.203125	-17.871094
64562.173912	0.736331	-358.203125	-17.871094
64562.175912	0.791132	-358.203125	-17.871094
64562.177910	0.788636	8.674991	0.479139
64563.199941	0.453266	-191.503906	247.949219
64563.201943	0.730105	-191.503906	247.949219
64563.203945	0.791389	-191.503906	247.949219
64563.205943	0.788810	8.676914	0.434685
64564.264483	0.387025	-346.484375	-17.187500
64564.266483	0.682070	-346.484375	-17.187500
64564.268484	0.795063	-346.484375	-17.187500
64564.270482	0.795052	8.745570	0.447053
64565.290497	0.683299	-193.750000	254.101562
64565.292499	0.792385	-193.750000	254.101562
64565.294498	0.789668	8.686344	0.428583
64566.353412	0.382223	-350.390625	-15.234375
64566.355413	0.677672	-350.390625	-15.234375
64566.357414	0.792247	-350.390625	-15.234375
64566.359413	0.789673	8.686405	0.446886
64567.377429	0.385435	-199.218750	249.902344
64567.379431	0.680337	-199.218750	249.902344
64567.381431	0.792621	-199.218750	249.902344
64567.383431	0.789970	8.689667	0.448950
64568.445427	0.772812	-350.195312	-14.550781
64568.447429	0.790233	-350.195312	-14.550781
64568.449428	0.788159	8.669753	0.478169
64569.471450	0.531263	-184.179687	327.441406
64569.473452	0.769606	-184.179687	327.441406
64569.475452	0.790404	-184.179687	327.441406
64569.477451	0.790281	8.693088	0.437948
64570.527463	0.418501	-366.601562	-11.914062
64570.529466	0.706724	-366.601562	-11.914062
64570.531466	0.793880	-366.601562	-11.914062
64570.535464	0.789377	8.683144	0.476586
64571.561462	0.680814	-186.914062	327.734375
64571.563465	0.791421	-186.914062	327.734375
64571.565464	0.788888	8.677765	0.480047
64572.615534	0.279845	-368.359375	-11.328125
64572.617538	0.583123	-368.359375	-11.328125
64572.619536	0.784766	-368.359375	-11.328125
64572.621537	0.790076	-368.359375	-11.328125
64572.623537	0.788094	8.669036	0.487001
64573.651602	0.245857	-192.675781	319.238281
64573.653605	0.551231	-192.675781	319.238281
64573.655605	0.776575	-192.675781	319.238281
64573.657604	0.790165	-192.675781	319.238281
64573.659606	0.788146	8.669611	0.497755
64574.701665	0.474524	-366.796875	-11.328125
64574.703666	0.743030	-366.796875	-11.328125
64574.705666	0.791336	-366.796875	-11.328125
64574.707666	0.788900	8.677897	0.502764
64575.743721	0.711082	-192.871094	324.316406
64575.745722	0.791102	-192.871094	324.316406
64575.747722	0.788441	8.672855	0.511486
64576.789727	0.338240	-365.429687	-10.937500
64576.791728	0.638559	-365.429687	-10.937500
64576.793728	0.790688	-365.429687	-10.937500
64576.795728	0.789411	8.683526	0.503765
64577.835771	0.573442	-190.429687	334.375000
64577.839771	0.789615	-190.429687	334.375000
64577.841772	0.787689	-190.429687	334.375000
64577.843773	0.786372	8.650088	0.648458
64578.879850	0.512972	-380.859375	-10.058594
64578.881851	0.761962	-380.859375	-10.058594
64578.883852	0.790117	-380.859375	-10.058594
64578.885853	0.787928	8.667210	0.490008
64579.926393	0.766634	-210.742187	266.796875
64579.930391	0.788454	-210.742187	266.796875
64579.932393	0.787172	8.658896	0.492165
64580.967338	0.290047	-359.179687	-12.695312
64580.969339	0.592869	-359.179687	-12.695312
64580.971339	0.786309	-359.179687	-12.695312
64580.973339	0.789781	-359.179687	-12.695312
64580.975338	0.787839	8.666226	0.510346
64582.017365	0.511303	-192.773437	328.320312
64582.019367	0.761392	-192.773437	328.320312
64582.021366	0.790395	-192.773437	328.320312
64582.023367	0.788238	8.670622	0.462121
64583.059399	0.734100	-375.390625	-11.718750
64583.063399	0.788429	-375.390625	-11.718750
64583.065400	0.786946	8.656406	0.486996
64584.105959	0.456931	-195.605469	315.722656
64584.107963	0.732276	-195.605469	315.722656
64584.109962	0.790908	-195.605469	315.722656
64584.111962	0.788385	8.672235	0.467624
64585.146006	0.405646	-372.070312	-11.621094
64585.148009	0.696605	-372.070312	-11.621094
64585.150007	0.792466	-372.070312	-11.621094
64585.152008	0.789679	8.686467	0.492004
64586.194053	0.323688	-196.777344	313.476562
64586.196055	0.624846	-196.777344	313.476562
64586.198055	0.789972	-196.777344	313.476562
64586.200054	0.789527	8.684801	0.475342
64587.236096	0.575406	-380.957031	-10.644531
64587.238096	0.782515	-380.957031	-10.644531
64587.240095	0.789440	-380.957031	-10.644531
64587.242096	0.787513	8.662645	0.502067
64588.282627	0.264797	-210.546875	273.242187
64588.284630	0.568800	-210.546875	273.242187
64588.286627	0.781223	-210.546875	273.242187
64588.288629	0.789785	-210.546875	273.242187
64588.290627	0.787827	8.666101	0.496389
64589.327587	0.340004	-374.218750	-12.109375
64589.329587	0.640120	-374.218750	-12.109375
64589.331588	0.791151	-374.218750	-12.109375
64589.333589	0.789756	8.687319	0.472734
64590.372483	0.404563	-195.800781	321.679687
64590.374486	0.695777	-195.800781	321.679687
64590.376487	0.792284	-195.800781	321.679687
64590.380486	0.787938	8.667316	0.470706
64591.416520	0.336400	-376.953125	-11.132812
64591.418523	0.636808	-376.953125	-11.132812
64591.420521	0.790372	-376.953125	-11.132812
64591.422522	0.789125	8.680379	0.482323
64592.461472	0.791455	-208.203125	281.250000
64592.463475	0.788738	8.676116	0.501759
64593.510014	0.402463	-347.070312	-13.476562
64593.512015	0.694186	-347.070312	-13.476562
64593.514017	0.792786	-347.070312	-13.476562
64593.516017	0.789987	8.689862	0.455159
64594.546041	0.364212	-188.964844	336.425781
64594.548043	0.662057	-188.964844	336.425781
64594.550044	0.791177	-188.964844	336.425781
64594.552044	0.788997	8.678970	0.497476
64595.600105	0.573087	-349.511719	-13.476562
64595.602107	0.782694	-349.511719	-13.476562
64595.604107	0.790334	-349.511719	-13.476562
64595.606107	0.788368	8.672049	0.623867
64596.636120	0.527314	-192.187500	324.511719
64596.638121	0.768178	-192.187500	324.511719
64596.640120	0.790389	-192.187500	324.511719
64596.642121	0.788310	8.671411	0.473886
64597.692139	1.841890	-365.527344	-11.914062
64597.694140	0.428044	-365.527344	-11.914062
64597.696141	0.791183	-365.527344	-11.914062
64597.698141	0.788499	8.673493	0.464487
64598.720681	0.484890	-187.988281	328.613281
64598.722680	0.493028	-187.988281	328.613281
64598.724682	0.790719	-187.988281	328.613281
64598.726682	0.788394	8.672333	0.494305
64599.786692	0.640556	-339.746094	-13.964844
64599.788694	0.790198	-339.746094	-13.964844
64599.790695	0.788800	8.676799	0.432003
64600.808767	0.353359	-183.886719	329.101562
64600.812768	0.790721	-183.886719	329.101562
64600.814770	0.788814	-183.886719	329.101562
64600.816770	0.787093	8.658020	0.478922
64601.878808	0.500794	-338.183594	-14.453125
64601.880810	0.756277	-338.183594	-14.453125
64601.882810	0.790026	-338.183594	-14.453125
64601.884810	0.787787	8.665659	0.413801
64602.898841	0.521948	-185.058594	315.625000
64602.900844	0.765960	-185.058594	315.625000
64602.902843	0.790375	-185.058594	315.625000
64602.904844	0.788238	8.670613	0.454716
64603.966882	0.369389	-328.808594	-16.601562
64603.970882	0.793114	-328.808594	-16.601562
64603.972885	0.790741	-328.808594	-16.601562
64603.974884	0.789039	8.679431	0.449494
64604.992900	0.667986	-187.597656	297.070312
64604.994902	0.790982	-187.597656	297.070312
64604.996900	0.788637	8.675009	0.427559
64606.061432	0.789258	-326.757812	-19.042969
64606.063435	0.787477	8.662247	0.456210
64607.085486	0.599578	-168.457031	360.449219
64607.087483	0.788465	-168.457031	360.449219
64607.089483	0.791039	-168.457031	360.449219
64607.091483	0.789139	8.680530	0.418062
64608.147515	0.744293	-351.464844	-20.410156
64608.149518	0.790449	-351.464844	-20.410156
64608.151518	0.788107	8.669177	0.462016
64609.177630	0.466260	-166.894531	368.750000
64609.179635	0.738096	-166.894531	368.750000
64609.181634	0.791047	-166.894531	368.750000
64609.183633	0.788543	8.673971	0.409901
64610.229664	0.369200	-329.296875	-25.781250
64610.231666	0.666457	-329.296875	-25.781250
64610.233667	0.791941	-329.296875	-25.781250
64610.235667	0.789561	8.685174	0.502221
64611.267722	0.634278	-170.117187	359.863281
64611.269726	0.790962	-170.117187	359.863281
64611.271729	0.789907	8.688975	0.440354
64612.315779	0.557115	-347.265625	-26.855469
64612.317779	0.778207	-347.265625	-26.855469
64612.319779	0.790000	-347.265625	-26.855469
64612.321780	0.787969	8.667662	0.537081
64613.354312	0.275887	-191.113281	281.738281
64613.356312	0.579310	-191.113281	281.738281
64613.358314	0.783536	-191.113281	281.738281
64613.360313	0.789747	-191.113281	281.738281
64613.362314	0.787735	8.665083	0.468935
64614.402835	0.266806	-322.851562	-28.613281
64614.404837	0.570647	-322.851562	-28.613281
64614.406837	0.781501	-322.851562	-28.613281
64614.408839	0.789602	-322.851562	-28.613281
64614.410838	0.787614	8.663754	0.542082
64615.450873	0.757966	-183.007812	318.457031
64615.452872	0.790087	-183.007812	318.457031
64615.454872	0.787861	8.666474	0.438677
64616.488846	0.444938	-336.621094	-28.125000
64616.490849	0.724555	-336.621094	-28.125000
64616.492848	0.790804	-336.621094	-28.125000
64616.494847	0.788184	8.670028	0.535935
64617.538931	0.667367	-200.000000	265.917969
64617.540933	0.791965	-200.000000	265.917969
64617.542934	0.789643	8.686069	0.456541
64618.579905	0.732818	-347.851562	-27.734375
64618.581907	0.790385	-347.851562	-27.734375
64618.583907	0.787934	8.667273	0.517596
64619.626467	1.829601	-187.207031	315.429687
64619.628467	0.468213	-187.207031	315.429687
64619.630469	0.791219	-187.207031	315.429687
64619.632469	0.788638	8.675017	0.457182
64620.666532	0.409422	-337.109375	-26.562500
64620.668534	0.699304	-337.109375	-26.562500
64620.670534	0.791585	-337.109375	-26.562500
64620.672542	0.791447	8.705912	0.509266
64621.718599	0.316630	-191.699219	304.492187
64621.720601	0.618202	-191.699219	304.492187
64621.722600	0.790106	-191.699219	304.492187
64621.724601	0.790230	8.692530	0.433818
64622.754632	0.275888	-338.867187	-25.781250
64622.756634	0.579246	-338.867187	-25.781250
64622.760634	0.789326	-338.867187	-25.781250
64622.762635	0.787392	-338.867187	-25.781250
64622.764633	0.786082	8.646906	0.510108
64623.808709	0.490449	-195.214844	292.480469
64623.810711	0.751141	-195.214844	292.480469
64623.812711	0.790206	-195.214844	292.480469
64623.814710	0.787943	8.667378	0.426033
64624.843692	0.291911	-340.625000	-24.804687
64624.845693	0.594607	-340.625000	-24.804687
64624.847693	0.786058	-340.625000	-24.804687
64624.849693	0.789168	-340.625000	-24.804687
64624.851694	0.787276	8.660040	0.506224
64625.901752	0.489646	-179.687500	343.457031
64625.903754	0.751160	-179.687500	343.457031
64625.905755	0.790820	-179.687500	343.457031
64625.907752	0.788494	8.673431	0.398997
64626.937759	0.447077	-328.222656	-24.609375
64626.939759	0.726014	-328.222656	-24.609375
64626.941760	0.790861	-328.222656	-24.609375
64626.943759	0.788258	8.670843	0.464504
64627.989791	0.350483	-173.242187	366.699219
64627.991792	0.649891	-173.242187	366.699219
64627.993793	0.792162	-173.242187	366.699219
64627.995793	0.790326	8.693584	0.420670
64629.025812	0.308882	-326.953125	-25.000000
64629.027814	0.610685	-326.953125	-25.000000
64629.029816	0.788665	-326.953125	-25.000000
64629.031814	0.789562	8.685183	0.476087
64630.079851	0.514823	-194.433594	289.355469
64630.081854	0.762728	-194.433594	289.355469
64630.083854	0.790066	-194.433594	289.355469
64630.085853	0.787908	8.666988	0.407439
64631.119913	0.467852	-339.355469	-26.855469
64631.121914	0.738704	-339.355469	-26.855469
64631.123915	0.790440	-339.355469	-26.855469
64631.125915	0.788003	8.668034	0.435987
64632.172850	0.507684	-167.480469	381.445312
64632.174851	0.759576	-167.480469	381.445312
64632.176853	0.790084	-167.480469	381.445312
64632.178852	0.787878	8.666660	0.376217
64633.208868	0.465458	-325.488281	-27.929687
64633.210869	0.737349	-325.488281	-27.929687
64633.212869	0.790510	-325.488281	-27.929687
64633.214871	0.788025	8.668273	0.447996
64634.260917	0.791540	-181.738281	327.734375
64634.262919	0.789001	-181.738281	327.734375
64634.264918	0.787374	8.661113	0.391745
64635.297471	0.411976	-327.246094	-30.371094
64635.299469	0.701208	-327.246094	-30.371094
64635.301471	0.791514	-327.246094	-30.371094
64635.303471	0.788769	8.676462	0.464852
64636.345531	0.332419	-187.695312	307.421875
64636.347533	0.633078	-187.695312	307.421875
64636.351532	0.790384	-187.695312	307.421875
64636.353533	0.787454	8.661999	0.402125
64637.391526	0.560838	-313.574219	-31.152344
64637.393529	0.778984	-313.574219	-31.152344
64637.395530	0.789700	-313.574219	-31.152344
64637.397528	0.787759	8.665349	0.563968
64638.435553	0.492439	-165.234375	387.597656
64638.437555	0.752298	-165.234375	387.597656
64638.439555	0.790345	-165.234375	387.597656
64638.441553	0.788047	8.668512	0.378167
64639.485578	0.700879	-304.199219	-30.859375
64639.487581	0.791934	-304.199219	-30.859375
64639.489580	0.789195	8.681150	0.446119
64640.519611	0.373578	-172.656250	359.667969
64640.521612	0.670369	-172.656250	359.667969
64640.523614	0.792783	-172.656250	359.667969
64640.525612	0.790235	8.692583	0.410289
64641.575659	0.783370	-338.574219	-29.492187
64641.577661	0.789459	-338.574219	-29.492187
64641.581659	0.786147	8.647615	0.476413
64642.608587	0.374363	-165.136719	386.425781
64642.610589	0.671005	-165.136719	386.425781
64642.612589	0.792508	-165.136719	386.425781
64642.614589	0.790103	8.691137	0.405125
64643.666641	0.568966	-330.566406	-26.757812
64643.668643	0.780912	-330.566406	-26.757812
64643.670644	0.789453	-330.566406	-26.757812
64643.672644	0.787419	8.661609	0.581298
64644.697580	0.380956	-187.988281	312.011719
64644.699582	0.676519	-187.988281	312.011719
64644.701584	0.792214	-187.988281	312.011719
64644.703583	0.789653	8.686184	0.416426
64645.759608	0.555493	-335.253906	-24.511719
64645.761610	0.777521	-335.253906	-24.511719
64645.763610	0.789775	-335.253906	-24.511719
64645.765609	0.787744	8.665180	0.430614
64646.786591	0.388843	-171.191406	371.289062
64646.788594	0.683173	-171.191406	371.289062
64646.790594	0.792476	-171.191406	371.289062
64646.792594	0.789862	8.688479	0.401212
64647.848676	0.570646	-322.460937	-23.828125
64647.850678	0.781835	-322.460937	-23.828125
64647.852679	0.790060	-322.460937	-23.828125
64647.854677	0.788014	8.668158	0.564731
64648.876732	0.565610	-161.523437	404.394531
64648.878734	0.779981	-161.523437	404.394531
64648.880735	0.789298	-161.523437	404.394531
64648.882735	0.787333	8.660661	0.531603
64649.936739	0.437602	-338.183594	-21.679687
64649.938741	0.719549	-338.183594	-21.679687
64649.940741	0.790651	-338.183594	-21.679687
64649.942742	0.788072	8.668797	0.427773
64650.965257	0.500140	-172.265625	377.539062
64650.967259	0.756252	-172.265625	377.539062
64650.969257	0.790547	-172.265625	377.539062
64650.971259	0.788312	8.671437	0.409378
64652.025337	0.383142	-328.808594	-20.898437
64652.027337	0.678268	-328.808594	-20.898437
64652.029335	0.791342	-328.808594	-20.898437
64652.031337	0.788773	8.676506	0.434069
64653.053371	0.373521	-168.066406	393.359375
64653.055373	0.670020	-168.066406	393.359375
64653.057372	0.791208	-168.066406	393.359375
64653.059373	0.788824	8.677065	0.449167
64654.115406	0.547839	-326.367187	-20.800781
64654.117407	0.775390	-326.367187	-20.800781
64654.119407	0.790073	-326.367187	-20.800781
64654.121407	0.788051	8.668566	0.485722
64655.143426	0.536484	-195.019531	324.121094
64655.145427	0.771167	-195.019531	324.121094
64655.147427	0.789700	-195.019531	324.121094
64655.151426	0.786173	8.647899	0.468248
64656.203474	0.416720	-322.753906	-20.019531
64656.205477	0.704811	-322.753906	-20.019531
64656.207477	0.791629	-322.753906	-20.019531
64656.209475	0.788909	8.677996	0.429636
64657.235512	0.393326	-198.046875	322.656250
64657.237512	0.686893	-198.046875	322.656250
64657.239515	0.793013	-198.046875	322.656250
64657.241512	0.790209	8.692299	0.439659
64658.287553	0.294581	-340.332031	-18.652344
64658.289556	0.596986	-340.332031	-18.652344
64658.291557	0.787100	-340.332031	-18.652344
64658.293557	0.789933	-340.332031	-18.652344
64658.295556	0.788102	8.669125	0.467574
64659.325610	0.561046	-184.375000	363.476562
64659.327612	0.779146	-184.375000	363.476562
64659.329612	0.789713	-184.375000	363.476562
64659.331612	0.787695	8.664639	0.466612
64660.379658	0.740179	-347.558594	-18.261719
64660.381661	0.790948	-347.558594	-18.261719
64660.383659	0.788402	8.672421	0.450591
64661.414197	0.507913	-194.531250	339.257812
64661.416198	0.759433	-194.531250	339.257812
64661.418198	0.789632	-194.531250	339.257812
64661.422195	0.786043	8.646472	0.461172
64662.468753	0.749869	-325.488281	-18.457031
64662.470756	0.790504	-325.488281	-18.457031
64662.472757	0.788196	8.670161	0.442698
64663.508749	0.714556	-188.378906	355.273437
64663.510752	0.791049	-188.378906	355.273437
64663.512753	0.788383	8.672217	0.432936
64664.555271	0.422526	-340.722656	-18.457031
64664.557277	0.708914	-340.722656	-18.457031
64664.559281	0.790837	-340.722656	-18.457031
64664.561282	0.788182	8.670002	0.444171
64665.595344	0.375477	-179.199219	379.199219
64665.597348	0.671834	-179.199219	379.199219
64665.599355	0.792174	-179.199219	379.199219
64665.601360	0.789678	8.686459	0.440055
64666.649378	0.579359	-318.066406	-19.042969
64666.651381	0.783842	-318.066406	-19.042969
64666.653382	0.789943	-318.066406	-19.042969
64666.655380	0.788001	8.668016	0.588475
64667.685385	0.536937	-188.867187	355.957031
64667.687386	0.771580	-188.867187	355.957031
64667.689385	0.790129	-188.867187	355.957031
64667.691386	0.788045	8.668495	0.456137
64668.737433	0.444586	-320.800781	-19.433594
64668.739433	0.724331	-320.800781	-19.433594
64668.741433	0.790978	-320.800781	-19.433594
64668.743432	0.788297	8.671268	0.404984
64669.775437	0.693820	-177.246094	383.398437
64669.777441	0.791359	-177.246094	383.398437
64669.779440	0.788708	8.675788	0.439958
64670.825463	0.302839	-321.289062	-19.335937
64670.827471	0.326131	-321.289062	-19.335937
64670.829474	0.787765	-321.289062	-19.335937
64670.831475	0.789166	-321.289062	-19.335937
64670.833475	0.787307	8.660378	0.416999
64671.867536	0.556540	-184.277344	367.675781
64671.869539	0.777955	-184.277344	367.675781
64671.871538	0.790074	-184.277344	367.675781
64671.873538	0.788048	8.668530	0.498688
64672.918063	0.229775	-312.304687	-20.019531
64672.920064	0.536513	-312.304687	-20.019531
64672.922063	0.771515	-312.304687	-20.019531
64672.924064	0.774092	-312.304687	-20.019531
64672.926066	0.788031	8.668344	0.409819
64673.956105	0.500602	-171.582031	398.535156
64673.958107	0.512343	-171.582031	398.535156
64673.960106	0.790765	-171.582031	398.535156
64673.962106	0.788453	8.672979	0.393437
64675.008158	0.408457	-322.167969	-20.507812
64675.010160	0.698843	-322.167969	-20.507812
64675.012161	0.792529	-322.167969	-20.507812
64675.014160	0.789704	8.686743	0.396105
64676.044206	0.371034	-174.902344	387.109375
64676.046208	0.668112	-174.902344	387.109375
64676.048209	0.792301	-174.902344	387.109375
64676.050209	0.789894	8.688834	0.398663
64677.096237	0.271303	-319.824219	-20.800781
64677.098245	0.574850	-319.824219	-20.800781
64677.100248	0.782774	-319.824219	-20.800781
64677.102249	0.789605	-319.824219	-20.800781
64677.104248	0.787613	8.663745	0.416740
64678.134305	0.540791	-173.242187	388.574219
64678.136307	0.772729	-173.242187	388.574219
64678.138308	0.789763	-173.242187	388.574219
64678.140309	0.789668	8.686352	0.402180
64679.190360	0.436687	-318.847656	-21.289062
64679.192363	0.718857	-318.847656	-21.289062
64679.194363	0.790716	-318.847656	-21.289062
64679.196365	0.788090	8.668991	0.393474
64680.226395	0.790970	-162.109375	412.695312
64680.228397	0.788348	8.671827	0.404007
64681.278406	0.295443	-322.167969	-21.972656
64681.280410	0.597961	-322.167969	-21.972656
64681.282417	0.789031	-322.167969	-21.972656
64681.284416	0.791845	-322.167969	-21.972656
64681.286416	0.789837	8.688205	0.415105
64682.310468	0.272774	-165.722656	400.000000
64682.312469	0.576321	-165.722656	400.000000
64682.314470	0.783443	-165.722656	400.000000
64682.316468	0.790311	-165.722656	400.000000
64682.318469	0.788285	8.671136	0.393719
64683.368535	0.473836	-315.820312	-23.144531
64683.370535	0.742224	-315.820312	-23.144531
64683.372534	0.790442	-315.820312	-23.144531
64683.374537	0.788034	8.668371	0.418529
64684.402606	0.732300	-181.640625	357.226562
64684.406607	0.788746	-181.640625	357.226562
64684.408609	0.787256	8.659819	0.380565
64685.462629	0.629613	-322.167969	-25.097656
64685.464630	0.790266	-322.167969	-25.097656
64685.466631	0.789533	8.684864	0.404836
64686.491180	0.690828	-161.328125	410.156250
64686.493182	0.791250	-161.328125	410.156250
64686.495183	0.788599	8.674592	0.385018
64687.553229	0.782492	-319.238281	-26.855469
64687.555228	0.789510	-319.238281	-26.855469
64687.557228	0.787574	8.663311	0.579903
64688.577757	0.337512	-179.980469	354.687500
64688.579758	0.637850	-179.980469	354.687500
64688.581761	0.791663	-179.980469	354.687500
64688.583764	0.790292	8.693212	0.390387
64689.638687	0.347735	-297.949219	-28.515625
64689.640691	0.647221	-297.949219	-28.515625
64689.642691	0.790623	-297.949219	-28.515625
64689.644690	0.788934	8.678270	0.427688
64690.666712	0.337650	-158.886719	417.871094
64690.668712	0.637914	-158.886719	417.871094
64690.670713	0.791634	-158.886719	417.871094
64690.672712	0.791816	8.709979	0.412209
64691.730770	0.556906	-318.261719	-29.785156
64691.732771	0.790446	-318.261719	-29.785156
64691.734771	0.788329	8.671623	0.403592
64692.759701	0.326548	-160.546875	413.085937
64692.763701	0.789928	-160.546875	413.085937
64692.765703	0.789356	-160.546875	413.085937
64692.767702	0.787505	8.662558	0.394183
64693.817738	0.518258	-291.406250	-31.835937
64693.819739	0.764195	-291.406250	-31.835937
64693.821740	0.789940	-291.406250	-31.835937
64693.823741	0.787824	8.666066	0.417468
64694.849796	0.499017	-162.597656	406.738281
64694.851798	0.755549	-162.597656	406.738281
64694.853796	0.790328	-162.597656	406.738281
64694.855797	0.788086	8.668946	0.384632
64695.901807	0.400496	-304.296875	-34.667969
64695.903808	0.692523	-304.296875	-34.667969
64695.905808	0.792650	-304.296875	-34.667969
64695.907809	0.789848	8.688329	0.438101
64696.943828	0.643788	-174.902344	366.894531
64696.945829	0.791007	-174.902344	366.894531
64696.947830	0.789422	8.683640	0.376300
64697.990386	0.342352	-306.250000	-35.937500
64697.992388	0.642254	-306.250000	-35.937500
64697.994390	0.790591	-306.250000	-35.937500
64697.996387	0.789034	8.679379	0.433595
64699.030420	0.286414	-171.289062	381.152344
64699.032424	0.589311	-171.289062	381.152344
64699.034423	0.785666	-171.289062	381.152344
64699.036423	0.789730	-171.289062	381.152344
64699.038423	0.787869	8.666563	0.392839
64700.082477	0.761115	-307.714844	-36.230469
64700.084478	0.790133	-307.714844	-36.230469
64700.086480	0.788000	8.667998	0.413883
64701.127037	0.767103	-184.863281	340.234375
64701.129039	0.790409	-184.863281	340.234375
64701.131038	0.788188	8.670073	0.357108
64702.169082	0.459578	-292.089844	-35.449219
64702.171084	0.733755	-292.089844	-35.449219
64702.173085	0.790414	-292.089844	-35.449219
64702.175084	0.787987	8.667857	0.409371
64703.215121	0.686460	-158.789062	420.507812
64703.217124	0.791198	-158.789062	420.507812
64703.219123	0.788625	8.674875	0.375106
64704.259193	0.630983	-308.789062	-35.742187
64704.261197	0.789855	-308.789062	-35.742187
64704.263195	0.789034	8.679379	0.411677
64705.305784	0.332291	-160.351562	416.113281
64705.307786	0.632847	-160.351562	416.113281
64705.309787	0.790879	-160.351562	416.113281
64705.311785	0.789990	8.689889	0.369322
64706.345802	0.275549	-314.062500	-34.472656
64706.347803	0.578927	-314.062500	-34.472656
64706.349804	0.783519	-314.062500	-34.472656
64706.353802	0.787763	-314.062500	-34.472656
64706.355804	0.786452	8.650974	0.429993
64707.397838	0.755597	-155.468750	427.636719
64707.399840	0.790674	-155.468750	427.636719
64707.401841	0.788408	8.672492	0.350744
64708.435876	0.446440	-316.992187	-35.058594
64708.437878	0.725501	-316.992187	-35.058594
64708.439877	0.790710	-316.992187	-35.058594
64708.441877	0.788135	8.669488	0.402924
64709.483894	0.362384	-166.503906	399.414062
64709.485895	0.660424	-166.503906	399.414062
64709.487895	0.791039	-166.503906	399.414062
64709.489896	0.788922	8.678137	0.365455
64710.523916	1.880601	-295.019531	-34.277344
64710.525920	0.607798	-295.019531	-34.277344
64710.527919	0.787695	-295.019531	-34.277344
64710.529920	0.788864	8.677499	0.414110
64711.573985	1.553195	-181.542969	357.324219
64711.575986	0.769738	-181.542969	357.324219
64711.577985	0.789552	-181.542969	357.324219
64711.579985	0.787523	8.662752	0.360517
64712.614929	0.617116	-315.234375	-34.667969
64712.616931	0.789214	-315.234375	-34.667969
64712.618932	0.789498	8.684483	0.419810
64713.661848	0.368262	-167.578125	397.363281
64713.663850	0.665567	-167.578125	397.363281
64713.665850	0.792083	-167.578125	397.363281
64713.667851	0.789728	8.687009	0.372524
64714.703884	0.615352	-304.492187	-35.351562
64714.705886	0.789024	-304.492187	-35.351562
64714.707887	0.789410	8.683507	0.744943
64715.750428	0.307636	-171.777344	385.156250
64715.752431	0.609439	-171.777344	385.156250
64715.754432	0.787877	-171.777344	385.156250
64715.756430	0.788938	8.678323	0.378190
64716.796474	0.545045	-289.941406	-35.351562
64716.798476	0.774075	-289.941406	-35.351562
64716.800476	0.789472	-289.941406	-35.351562
64716.802475	0.787467	8.662132	0.452718
64717.840510	0.480405	-171.386719	382.812500
64717.842511	0.745781	-171.386719	382.812500
64717.844511	0.790131	-171.386719	382.812500
64717.846511	0.787798	8.665774	0.369295
64718.886543	0.700942	-307.421875	-36.230469
64718.888543	0.791319	-307.421875	-36.230469
64718.890544	0.788674	8.675417	0.433919
64719.929031	0.415465	-163.085937	406.738281
64719.931034	0.703853	-163.085937	406.738281
64719.933035	0.791690	-163.085937	406.738281
64719.935033	0.788994	8.678935	0.371745
64720.975098	0.650727	-305.859375	-36.718750
64720.977102	0.791796	-305.859375	-36.718750
64720.979100	0.789898	8.688878	0.437317
