time (s)	coil I (A)	last det (V)	int current (uC)
62791.379725	0.265563	-314.746094	213.964844
62791.381725	0.280961	-314.746094	213.964844
62791.383727	0.782334	-314.746094	213.964844
62791.385725	0.790897	-314.746094	213.964844
62791.387727	0.788796	8.676755	0.342206
62792.481827	0.310036	-277.050781	-79.003906
62792.483828	0.612429	-277.050781	-79.003906
62792.485828	0.790265	-277.050781	-79.003906
62792.487828	0.791140	8.702535	0.254005
62793.481841	0.399669	-295.898437	230.273437
62793.483843	0.692928	-295.898437	230.273437
62793.485843	0.796393	-295.898437	230.273437
62793.495842	0.789153	8.680681	0.335515
62794.567923	0.496707	-279.003906	-81.835937
62794.569924	0.506404	-279.003906	-81.835937
62794.571923	0.791939	-279.003906	-81.835937
62794.573923	0.789495	8.684447	0.265353
62795.566843	0.420781	-303.222656	223.046875
62795.568844	0.708087	-303.222656	223.046875
62795.570846	0.792192	-303.222656	223.046875
62795.572844	0.789435	8.683783	0.336585
62796.658881	0.754491	-280.273437	-73.828125
62796.660888	0.791838	-280.273437	-73.828125
62796.662889	0.789399	8.683393	0.278263
62797.660935	0.574965	-298.437500	229.003906
62797.662937	0.783954	-298.437500	229.003906
62797.664936	0.791401	-298.437500	229.003906
62797.666937	0.789275	8.682028	0.519052
62798.741497	0.459752	-280.761719	-81.835937
62798.743501	0.734750	-280.761719	-81.835937
62798.745500	0.792367	-280.761719	-81.835937
62798.747499	0.789727	8.686999	0.295280
62799.748074	1.744778	-283.496094	242.187500
62799.752090	0.610503	-283.496094	242.187500
62799.754093	0.791290	-283.496094	242.187500
62799.756092	0.789327	8.682594	0.347282
62800.830096	0.405484	-281.933594	-77.148437
62800.832100	0.697062	-281.933594	-77.148437
62800.834097	0.793671	-281.933594	-77.148437
62800.836100	0.790790	8.698689	0.299728
62801.838144	0.470642	-282.812500	243.652344
62801.840145	0.741025	-282.812500	243.652344
62801.842148	0.791619	-282.812500	243.652344
62801.844145	0.789075	8.679830	0.347287
62802.920181	0.571978	-283.007812	-76.757812
62802.922182	0.782743	-283.007812	-76.757812
62802.924182	0.790604	-283.007812	-76.757812
62802.926182	0.788573	8.674300	0.485927
62803.928228	0.636459	-303.906250	222.851562
62803.930230	0.791339	-303.906250	222.851562
62803.932229	0.790116	8.691280	0.802010
62805.003177	0.289227	-283.886719	-78.906250
62805.005179	0.592470	-283.886719	-78.906250
62805.007179	0.786967	-283.886719	-78.906250
62805.009181	0.788099	-283.886719	-78.906250
62805.011181	0.788636	8.674991	0.319251
62806.017189	0.638047	-311.035156	215.917969
62806.019190	0.791293	-311.035156	215.917969
62806.021191	0.790006	8.690065	0.372200
62807.100160	0.262306	-282.910156	-74.121094
62807.102159	0.566948	-282.910156	-74.121094
62807.104158	0.782087	-282.910156	-74.121094
62807.106159	0.791497	-282.910156	-74.121094
62807.108161	0.789348	8.682825	0.314131
62808.104217	0.348185	-302.343750	222.851562
62808.106218	0.648041	-302.343750	222.851562
62808.108217	0.792389	-302.343750	222.851562
62808.110219	0.790577	8.696349	0.372524
62809.190732	0.509712	-283.593750	-76.757812
62809.194732	0.791015	-283.593750	-76.757812
62809.196734	0.788785	-283.593750	-76.757812
62809.198733	0.787393	8.661325	0.322037
62810.193323	0.370705	-300.000000	225.390625
62810.195325	0.668220	-300.000000	225.390625
62810.197325	0.793209	-300.000000	225.390625
62810.199323	0.790774	8.698511	0.386872
62811.279357	0.460929	-282.714844	-74.511719
62811.281358	0.735625	-282.714844	-74.511719
62811.283358	0.792566	-282.714844	-74.511719
62811.285358	0.789865	8.688515	0.315567
62812.283382	0.536518	-305.761719	220.410156
62812.285383	0.772279	-305.761719	220.410156
62812.287382	0.791278	-305.761719	220.410156
62812.293381	0.786736	8.654094	0.402349
62813.372321	0.447259	-283.593750	-74.902344
62813.374323	0.726790	-283.593750	-74.902344
62813.376322	0.792338	-283.593750	-74.902344
62813.378323	0.789662	8.686281	0.324655
62814.374856	1.879684	-298.535156	226.171875
62814.376858	0.598835	-298.535156	226.171875
62814.378864	0.789075	-298.535156	226.171875
62814.380866	0.791800	-298.535156	226.171875
62814.382866	0.789728	8.687009	0.386071
62815.457442	0.485298	-283.789062	-76.953125
62815.459443	0.749254	-283.789062	-76.953125
62815.461441	0.791655	-283.789062	-76.953125
62815.463442	0.789189	8.681080	0.328890
62816.463980	0.320608	-285.449219	238.867187
62816.467981	0.791010	-285.449219	238.867187
62816.469982	0.791011	-285.449219	238.867187
62816.471985	0.789125	8.680370	0.392751
62817.549985	0.407010	-284.765625	-68.261719
62817.551987	0.698030	-284.765625	-68.261719
62817.553987	0.793350	-284.765625	-68.261719
62817.555986	0.790532	8.695852	0.328278
62818.560495	0.773759	-290.136719	234.667969
62818.562496	0.791112	-290.136719	234.667969
62818.564496	0.788907	8.677978	0.419376
62819.639033	0.422207	-286.132812	-72.363281
62819.641036	0.709309	-286.132812	-72.363281
62819.643036	0.792436	-286.132812	-72.363281
62819.645036	0.789605	8.685653	0.345173
62820.647107	0.488888	-301.367187	223.339844
62820.649108	0.750813	-301.367187	223.339844
62820.651108	0.790945	-301.367187	223.339844
62820.653107	0.788553	8.674078	0.397413
62821.729133	0.592847	-286.621094	-75.292969
62821.731135	0.786733	-286.621094	-75.292969
62821.733135	0.790329	-286.621094	-75.292969
62821.735136	0.788366	8.672022	0.338070
62822.738059	0.751885	-266.699219	257.617187
62822.740061	0.791872	-266.699219	257.617187
62822.742061	0.789445	8.683897	0.389698
62823.816074	0.285283	-287.207031	-70.703125
62823.818076	0.588625	-287.207031	-70.703125
62823.820077	0.786083	-287.207031	-70.703125
62823.822075	0.790478	-287.207031	-70.703125
62823.824078	0.788507	8.673573	0.356071
62824.828084	0.333077	-266.308594	258.300781
62824.830085	0.634051	-266.308594	258.300781
62824.832087	0.790906	-266.308594	258.300781
62824.834086	0.789848	8.688329	0.399042
62825.902161	0.473903	-287.011719	-69.921875
62825.904163	0.742860	-287.011719	-69.921875
62825.906163	0.791542	-287.011719	-69.921875
62825.908164	0.789077	8.679848	0.364767
62826.920222	0.762261	-293.066406	231.542969
62826.922222	0.791572	-293.066406	231.542969
62826.924223	0.789301	8.682311	0.406882
62827.994244	0.323848	-285.937500	-69.335937
62827.996245	0.625402	-285.937500	-69.335937
62827.998246	0.791107	-285.937500	-69.335937
62828.000246	0.790783	8.698609	0.358714
62829.008302	0.676229	-297.753906	227.246094
62829.010304	0.792967	-297.753906	227.246094
62829.014303	0.790313	8.693442	0.402667
62830.086282	0.750998	-288.671875	-73.339844
62830.088285	0.791982	-288.671875	-73.339844
62830.090285	0.789565	8.685218	0.374307
62831.095277	0.380153	-278.222656	246.484375
62831.097278	0.676189	-278.222656	246.484375
62831.099278	0.792860	-278.222656	246.484375
62831.101278	0.790315	8.693460	0.422965
62832.173329	0.500734	-286.328125	-70.019531
62832.175330	0.756926	-286.328125	-70.019531
62832.177332	0.791131	-286.328125	-70.019531
62832.181331	0.787478	8.662255	0.365602
62833.183347	2.086124	-291.015625	232.031250
62833.187347	0.775565	-291.015625	232.031250
62833.189350	0.790836	-291.015625	232.031250
62833.191349	0.788701	8.675709	0.419760
62834.267852	0.709103	-284.082031	-65.136719
62834.269854	0.792059	-284.082031	-65.136719
62834.271854	0.789322	8.682542	0.373239
62835.273938	0.492288	-266.699219	258.203125
62835.275939	0.752870	-266.699219	258.203125
62835.277939	0.791431	-266.699219	258.203125
62835.279939	0.789024	8.679262	0.425557
62836.349973	0.307357	-287.500000	-70.996094
62836.351974	0.609640	-287.500000	-70.996094
62836.353976	0.789734	-287.500000	-70.996094
62836.355976	0.790965	8.700612	0.382188
62837.362009	0.357240	-267.578125	257.031250
62837.364012	0.656252	-267.578125	257.031250
62837.366010	0.792266	-267.578125	257.031250
62837.368010	0.790161	8.691767	0.438416
62838.446082	0.739647	-283.300781	-64.550781
62838.448083	0.791648	-283.300781	-64.550781
62838.450086	0.789121	8.680326	0.368910
62839.458150	0.766005	-254.785156	270.507812
62839.460153	0.791015	-254.785156	270.507812
62839.462153	0.790943	8.700373	0.424054
62840.532177	0.335802	-284.375000	-67.968750
62840.534179	0.636554	-284.375000	-67.968750
62840.536179	0.792205	-284.375000	-67.968750
62840.538179	0.790977	8.700745	0.385988
62841.544213	0.386556	-261.621094	263.867187
62841.546215	0.681440	-261.621094	263.867187
62841.548215	0.792754	-261.621094	263.867187
62841.550214	0.790062	8.690686	0.447414
62842.622303	0.513797	-286.132812	-70.898437
62842.624305	0.763218	-286.132812	-70.898437
62842.626305	0.791446	-286.132812	-70.898437
62842.628304	0.789155	8.680707	0.379157
62843.632822	0.331358	-270.507812	253.125000
62843.634824	0.632372	-270.507812	253.125000
62843.636824	0.791072	-270.507812	253.125000
62843.638826	0.790174	8.691918	0.438376
62844.714855	0.435208	-285.351562	-69.042969
62844.718857	0.792080	-285.351562	-69.042969
62844.720857	0.789412	-285.351562	-69.042969
62844.722856	0.787902	8.666918	0.383882
62845.727397	0.560523	-266.210937	258.398437
62845.729398	0.779768	-266.210937	258.398437
62845.731398	0.790787	-266.210937	258.398437
62845.733398	0.788652	8.675168	0.552957
62846.799432	0.395153	-284.375000	-67.382812
62846.803434	0.692628	-284.375000	-67.382812
62846.805436	0.790942	-284.375000	-67.382812
62846.807442	0.789213	8.681345	0.395028
62847.815473	0.430198	-261.718750	264.550781
62847.817474	0.714792	-261.718750	264.550781
62847.819475	0.791784	-261.718750	264.550781
62847.821475	0.788982	8.678802	0.450643
62848.889501	0.560225	-286.132812	-68.457031
62848.891503	0.779738	-286.132812	-68.457031
62848.893506	0.790829	-286.132812	-68.457031
62848.895508	0.788703	8.675735	0.502312
62849.903540	0.292597	-263.867187	261.523437
62849.905542	0.595512	-263.867187	261.523437
62849.909540	0.789908	-263.867187	261.523437
62849.911541	0.788041	-263.867187	261.523437
62849.913542	0.786697	8.653668	0.446571
62850.981595	0.416146	-283.984375	-65.136719
62850.983597	0.704744	-283.984375	-65.136719
62850.985599	0.792315	-283.984375	-65.136719
62850.987598	0.789564	8.685209	0.402330
62851.993667	0.470430	-286.230469	237.500000
62851.995669	0.740946	-286.230469	237.500000
62851.997670	0.791962	-286.230469	237.500000
62851.999671	0.789417	8.683587	0.467157
62853.070711	0.441232	-286.914062	-71.875000
62853.072713	0.722408	-286.914062	-71.875000
62853.074713	0.791660	-286.914062	-71.875000
62853.076714	0.788999	8.678988	0.392553
62854.082714	0.485338	-268.261719	256.152344
62854.084717	0.749064	-268.261719	256.152344
62854.086717	0.791364	-268.261719	256.152344
62854.088717	0.788924	8.678164	0.463058
62855.158764	0.302333	-283.398437	-67.187500
62855.160779	0.604771	-283.398437	-67.187500
62855.162781	0.789627	-283.398437	-67.187500
62855.164782	0.791107	-283.398437	-67.187500
62855.166781	0.789106	8.680167	0.402390
62856.174834	0.343833	-258.105469	267.578125
62856.176836	0.357499	-258.105469	267.578125
62856.180836	0.791083	-258.105469	267.578125
62856.182835	0.789255	8.681806	0.465648
62857.248855	0.475987	-282.714844	-65.039062
62857.250857	0.744202	-282.714844	-65.039062
62857.252856	0.791882	-282.714844	-65.039062
62857.254857	0.789330	8.682631	0.410535
62858.266877	0.759089	-267.578125	257.031250
62858.268876	0.761805	-267.578125	257.031250
62858.270876	0.788129	8.669416	0.476254
62859.337449	0.418035	-282.226562	-65.820312
62859.339449	0.706135	-282.226562	-65.820312
62859.341452	0.792540	-282.226562	-65.820312
62859.343451	0.789744	8.687185	0.405056
62860.353463	0.449571	-254.687500	271.484375
62860.355467	0.727776	-254.687500	271.484375
62860.357464	0.791307	-254.687500	271.484375
62860.359465	0.788717	8.675886	0.473499
62861.431508	0.565761	-281.445312	-67.089844
62861.433509	0.780993	-281.445312	-67.089844
62861.435511	0.790559	-281.445312	-67.089844
62861.437510	0.788495	8.673440	0.536256
62862.443512	0.612002	-281.250000	241.601562
62862.445516	0.789204	-281.250000	241.601562
62862.447517	0.789964	8.689605	0.494810
62863.520469	0.567131	-280.078125	-64.453125
62863.522470	0.781455	-280.078125	-64.453125
62863.524471	0.790590	-280.078125	-64.453125
62863.526470	0.788521	8.673732	0.539084
62864.532507	0.617207	-264.257812	260.839844
62864.534509	0.789382	-264.257812	260.839844
62864.536508	0.789637	8.686007	0.492023
62865.608561	0.439158	-281.738281	-67.871094
62865.610563	0.721112	-281.738281	-67.871094
62865.612563	0.791816	-281.738281	-67.871094
62865.614563	0.789106	8.680167	0.402942
62866.624610	0.474971	-252.734375	274.609375
62866.626611	0.743331	-252.734375	274.609375
62866.628612	0.791269	-252.734375	274.609375
62866.632610	0.787342	8.660767	0.483451
62867.696646	0.304569	-284.179687	-71.289062
62867.698651	0.606899	-284.179687	-71.289062
62867.700659	0.788960	-284.179687	-71.289062
62867.702658	0.790241	8.692654	0.415503
62868.712672	0.338650	-262.109375	262.304687
62868.714673	0.639070	-262.109375	262.304687
62868.716672	0.791546	-262.109375	262.304687
62868.718674	0.790217	8.692388	0.495892
62869.786730	0.475410	-284.375000	-72.167969
62869.788733	0.743797	-284.375000	-72.167969
62869.790732	0.791868	-284.375000	-72.167969
62869.792734	0.789290	8.682187	0.410425
62870.804744	0.758899	-270.410156	252.050781
62870.806749	0.790673	-270.410156	252.050781
62870.808747	0.788378	8.672154	0.488426
62871.875321	0.421537	-282.226562	-69.921875
62871.881321	0.789249	-282.226562	-69.921875
62871.883322	0.787706	-282.226562	-69.921875
62871.885323	0.786605	8.652658	0.414985
62872.895404	0.447028	-247.460937	280.273437
62872.899403	0.791316	-247.460937	280.273437
62872.901405	0.788724	-247.460937	280.273437
62872.903405	0.787187	8.659057	0.491871
62873.969424	0.577171	-275.878906	-62.597656
62873.971427	0.783657	-275.878906	-62.597656
62873.973427	0.790406	-275.878906	-62.597656
62873.975425	0.788446	8.672908	0.587267
62874.983445	0.305912	-248.828125	278.222656
62874.985452	0.608027	-248.828125	278.222656
62874.987452	0.788958	-248.828125	278.222656
62874.989452	0.790080	8.690881	0.495237
62876.057480	0.440958	-280.468750	-67.968750
62876.059482	0.722064	-280.468750	-67.968750
62876.061482	0.791163	-280.468750	-67.968750
62876.063482	0.788599	8.674592	0.413603
62877.074038	0.552830	-266.308594	258.496094
62877.076039	0.777062	-266.308594	258.496094
62877.078040	0.790250	-266.308594	258.496094
62877.080040	0.788151	8.669664	0.580586
62878.146571	0.462331	-281.347656	-68.457031
62878.150574	0.791289	-281.347656	-68.457031
62878.152574	0.788697	-281.347656	-68.457031
62878.154576	0.787261	8.659872	0.413184
62879.163104	0.568752	-250.683594	277.441406
62879.165107	0.781414	-250.683594	277.441406
62879.167106	0.790111	-250.683594	277.441406
62879.169106	0.790029	8.690323	0.647625
62880.235158	0.406724	-280.468750	-68.750000
62880.237160	0.697699	-280.468750	-68.750000
62880.239160	0.703452	-280.468750	-68.750000
62880.241159	0.789992	8.689915	0.413979
62881.253748	0.766433	-256.933594	268.164062
62881.257747	0.788351	-256.933594	268.164062
62881.259754	0.786906	8.655964	0.508956
62882.327791	0.792176	-276.953125	-64.453125
62882.329794	0.790136	8.691492	0.421821
62883.343771	0.368114	-250.292969	276.074219
62883.345774	0.665768	-250.292969	276.074219
62883.347773	0.792496	-250.292969	276.074219
62883.349772	0.790041	8.690447	0.509108
62884.413804	0.515172	-283.007812	-71.386719
62884.415806	0.763263	-283.007812	-71.386719
62884.417807	0.790598	-283.007812	-71.386719
62884.419808	0.788376	8.672137	0.427086
62885.434815	0.676595	-260.449219	264.550781
62885.436816	0.792174	-260.449219	264.550781
62885.438817	0.789605	8.685653	0.512115
62886.507333	0.582738	-276.074219	-63.671875
62886.509334	0.784888	-276.074219	-63.671875
62886.511338	0.790457	-276.074219	-63.671875
62886.513335	0.788432	8.672749	0.614956
62887.521371	0.318999	-249.804687	277.441406
62887.523372	0.620549	-249.804687	277.441406
62887.525374	0.790830	-249.804687	277.441406
62887.527373	0.790859	8.699450	0.519598
62888.595411	0.453844	-277.246094	-64.453125
62888.597415	0.730616	-277.246094	-64.453125
62888.599412	0.791308	-277.246094	-64.453125
62888.601413	0.788745	8.676196	0.413402
62889.615421	0.469853	-235.058594	296.191406
62889.617423	0.740164	-235.058594	296.191406
62889.619424	0.790975	-235.058594	296.191406
62889.621424	0.790864	8.699504	0.501948
62890.683462	0.315575	-275.878906	-62.988281
62890.685463	0.617426	-275.878906	-62.988281
62890.689463	0.790746	-275.878906	-62.988281
62890.691464	0.788911	8.678022	0.417991
62891.703520	0.339102	-234.765625	296.386719
62891.707519	0.790519	-234.765625	296.386719
62891.709523	0.789217	-234.765625	296.386719
62891.711521	0.787470	8.662168	0.508214
62892.773576	0.490164	-281.054687	-67.089844
62892.775579	0.751337	-281.054687	-67.089844
62892.777579	0.790568	-281.054687	-67.089844
62892.779580	0.788228	8.670506	0.420593
62893.794156	0.590969	-238.867187	292.187500
62893.796157	0.786567	-238.867187	292.187500
62893.798157	0.790414	-238.867187	292.187500
62893.800157	0.788448	8.672926	0.726993
62894.862202	0.440506	-282.031250	-68.457031
62894.864203	0.721946	-282.031250	-68.457031
62894.866202	0.791983	-282.031250	-68.457031
62894.868205	0.789243	8.681673	0.422888
62895.882267	0.464814	-228.613281	304.296875
62895.884269	0.737212	-228.613281	304.296875
62895.886269	0.790990	-228.613281	304.296875
62895.888270	0.788472	8.673192	0.514080
62896.950304	0.308184	-276.562500	-63.378906
62896.952308	0.610202	-276.562500	-63.378906
62896.954311	0.789091	-276.562500	-63.378906
62896.956311	0.790107	8.691182	0.431808
62897.970314	0.324526	-246.093750	280.468750
62897.972314	0.338438	-246.093750	280.468750
62897.974314	0.789995	-246.093750	280.468750
62897.976315	0.789487	8.684359	0.525169
62899.044356	0.459683	-278.417969	-64.355469
62899.046353	0.734110	-278.417969	-64.355469
62899.048354	0.791103	-278.417969	-64.355469
62899.050355	0.788535	8.673883	0.414861
62900.064399	1.964054	-241.503906	287.988281
62900.066402	0.746667	-241.503906	287.988281
62900.068401	0.791123	-241.503906	287.988281
62900.072400	0.787280	8.660076	0.504253
62901.136447	0.790969	-273.828125	-59.570312
62901.138448	0.790282	-273.828125	-59.570312
62901.140446	0.788458	8.673033	0.805781
62902.152458	0.345965	-232.617187	299.804687
62902.154460	0.645894	-232.617187	299.804687
62902.156460	0.791880	-232.617187	299.804687
62902.158461	0.790192	8.692113	0.510735
62903.222460	0.487656	-274.511719	-59.863281
62903.224462	0.749959	-274.511719	-59.863281
62903.226463	0.753231	-274.511719	-59.863281
62903.228462	0.788351	8.671863	0.431286
62904.242488	0.506989	-242.382812	287.109375
62904.244489	0.759253	-242.382812	287.109375
62904.246487	0.790066	-242.382812	287.109375
62904.248489	0.787795	8.665748	0.511716
62905.310526	0.355196	-275.781250	-60.449219
62905.312528	0.654204	-275.781250	-60.449219
62905.314529	0.791517	-275.781250	-60.449219
62905.316529	0.789529	8.684819	0.439571
62906.330522	0.369266	-240.820312	288.085937
62906.332524	0.666573	-240.820312	288.085937
62906.334524	0.791524	-240.820312	288.085937
62906.336524	0.789187	8.681062	0.520524
62907.400591	0.521191	-275.585937	-59.863281
62907.402592	0.765992	-275.585937	-59.863281
62907.404594	0.790674	-275.585937	-59.863281
62907.406592	0.788474	8.673218	0.430146
62908.422649	0.774203	-250.878906	275.000000
62908.424651	0.789831	-250.878906	275.000000
62908.426652	0.787765	8.665411	0.528856
62909.497182	0.791437	-280.078125	-63.476562
62909.499184	0.788804	-280.078125	-63.476562
62909.501185	0.787338	8.660723	0.418005
62910.513742	0.547230	-236.523437	293.750000
62910.515744	0.775191	-236.523437	293.750000
62910.517744	0.790072	-236.523437	293.750000
62910.519745	0.788067	8.668735	0.560164
62911.581806	0.400453	-275.683594	-58.691406
62911.583808	0.692532	-275.683594	-58.691406
62911.585807	0.792321	-275.683594	-58.691406
62911.587807	0.789594	8.685537	0.424390
62912.601850	0.421512	-240.820312	287.988281
62912.603851	0.708370	-240.820312	287.988281
62912.605851	0.791272	-240.820312	287.988281
62912.607852	0.788582	8.674406	0.508293
62913.670398	0.343296	-280.175781	-61.914062
62913.672402	0.643382	-280.175781	-61.914062
62913.674402	0.791774	-280.175781	-61.914062
62913.676403	0.790166	8.691830	0.430354
62914.690401	0.358890	-244.140625	284.179687
62914.692404	0.657396	-244.140625	284.179687
62914.694404	0.791832	-244.140625	284.179687
62914.696405	0.789660	8.686255	0.525077
62915.760938	0.581358	-278.808594	-59.863281
62915.762941	0.784719	-278.808594	-59.863281
62915.764940	0.790571	-278.808594	-59.863281
62915.766940	0.788527	8.673795	0.624501
62916.778939	0.292678	-237.890625	291.699219
62916.780941	0.595383	-237.890625	291.699219
62916.782944	0.786463	-237.890625	291.699219
62916.784950	0.789571	-237.890625	291.699219
62916.786955	0.787719	8.664914	0.522288
62917.848985	0.444699	-281.445312	-60.839844
62917.850987	0.724580	-281.445312	-60.839844
62917.852987	0.791329	-281.445312	-60.839844
62917.854987	0.788681	8.675488	0.436234
62918.873024	0.451555	-246.191406	279.980469
62918.875028	0.729305	-246.191406	279.980469
62918.877036	0.791994	-246.191406	279.980469
62918.879040	0.789396	8.683357	0.506150
62919.941066	0.295631	-281.347656	-60.253906
62919.943073	0.598268	-281.347656	-60.253906
62919.945075	0.788646	-281.347656	-60.253906
62919.947074	0.791293	-281.347656	-60.253906
62919.949075	0.789343	8.682773	0.426912
62920.961110	0.318303	-245.898437	282.128906
62920.963113	0.619882	-245.898437	282.128906
62920.965111	0.791028	-245.898437	282.128906
62920.969111	0.789233	8.681566	0.505076
62922.033128	0.737178	-274.609375	-55.371094
62922.035130	0.790893	-274.609375	-55.371094
62922.039130	0.786982	8.656805	0.424752
62923.053129	0.745631	-221.582031	313.183594
62923.055131	0.791260	-221.582031	313.183594
62923.057132	0.788804	8.676844	0.502282
62924.119121	0.315525	-278.417969	-56.250000
62924.121128	0.617200	-278.417969	-56.250000
62924.125127	0.790453	-278.417969	-56.250000
62924.127127	0.788608	8.674689	0.434297
62925.141197	0.642913	-216.699219	320.019531
62925.143200	0.791782	-216.699219	320.019531
62925.145202	0.790236	8.692592	0.522609
62926.209244	0.493601	-284.375000	-60.937500
62926.211246	0.753210	-284.375000	-60.937500
62926.213247	0.790920	-284.375000	-60.937500
62926.215246	0.788541	8.673954	0.433342
62927.232196	0.334781	-207.031250	334.765625
62927.234192	0.635481	-207.031250	334.765625
62927.238192	0.790606	-207.031250	334.765625
62927.240194	0.788724	8.675966	0.491749
62928.304254	0.749985	-275.000000	-52.050781
62928.306257	0.791300	-275.000000	-52.050781
62928.308258	0.788947	8.678411	0.416527
62929.322289	0.506069	-221.093750	314.550781
62929.324291	0.759134	-221.093750	314.550781
62929.330289	0.787058	-221.093750	314.550781
62929.332291	0.786080	8.646880	0.487945
62930.386308	0.365441	-280.175781	-56.250000
62930.388310	0.663343	-280.175781	-56.250000
62930.390310	0.792555	-280.175781	-56.250000
62930.392310	0.790215	8.692369	0.448356
62931.412342	0.667909	-223.046875	312.109375
62931.414344	0.791529	-223.046875	312.109375
62931.416345	0.789097	8.680069	0.499065
62932.482401	0.765610	-284.765625	-58.398437
62932.484402	0.791034	-284.765625	-58.398437
62932.486401	0.788826	8.677083	0.422919
62933.501316	0.669305	-207.714844	334.277344
62933.503318	0.791334	-207.714844	334.277344
62933.505318	0.788915	8.678066	0.500702
62934.569377	0.522580	-278.808594	-53.808594
62934.571379	0.766269	-278.808594	-53.808594
62934.573379	0.790410	-278.808594	-53.808594
62934.575379	0.788250	8.670746	0.429319
62935.591388	0.772730	-232.519531	299.804687
62935.593391	0.790622	-232.519531	299.804687
62935.595390	0.788491	8.673396	0.522968
62936.659932	0.736610	-276.855469	-51.953125
62936.661935	0.791361	-276.855469	-51.953125
62936.663935	0.788865	8.677517	0.433288
62937.677983	0.484791	-230.859375	300.195312
62937.679984	0.748530	-230.859375	300.195312
62937.681984	0.791042	-230.859375	300.195312
62937.683982	0.788624	8.674868	0.505135
62938.746549	0.412382	-280.566406	-54.296875
62938.748549	0.701708	-280.566406	-54.296875
62938.750549	0.791892	-280.566406	-54.296875
62938.752550	0.789118	8.680299	0.440875
62939.770589	0.418610	-211.523437	329.296875
62939.772589	0.706557	-211.523437	329.296875
62939.774592	0.792379	-211.523437	329.296875
62939.776592	0.789578	8.685360	0.485851
62940.836661	0.584129	-285.253906	-57.812500
62940.840659	0.790511	-285.253906	-57.812500
62940.842661	0.788482	-285.253906	-57.812500
62940.844662	0.787298	8.660279	0.639762
62941.859585	0.424948	-206.250000	335.351562
62941.861587	0.711012	-206.250000	335.351562
62941.863588	0.791770	-206.250000	335.351562
62941.865589	0.789027	8.679298	0.490135
62942.929621	0.566610	-279.003906	-51.562500
62942.931622	0.781043	-279.003906	-51.562500
62942.933623	0.790262	-279.003906	-51.562500
62942.935623	0.788253	8.670781	0.557921
62943.947664	0.284491	-220.019531	315.039062
62943.949665	0.587556	-220.019531	315.039062
62943.951664	0.785810	-220.019531	315.039062
62943.953665	0.790422	-220.019531	315.039062
62943.955664	0.788469	8.673157	0.499097
62945.017709	0.437835	-284.570312	-55.664062
62945.021708	0.791541	-284.570312	-55.664062
62945.023710	0.788854	-284.570312	-55.664062
62945.025710	0.787362	8.660980	0.428794
62946.038233	0.528391	-206.347656	334.082031
62946.040235	0.768806	-206.347656	334.082031
62946.042235	0.790671	-206.347656	334.082031
62946.044236	0.788563	8.674193	0.493914
62947.106270	0.377781	-278.613281	-50.585937
62947.108270	0.674048	-278.613281	-50.585937
62947.110272	0.793037	-278.613281	-50.585937
62947.112272	0.790489	8.695383	0.444328
62948.126326	0.400321	-216.894531	320.410156
62948.128324	0.692479	-216.894531	320.410156
62948.130324	0.792455	-216.894531	320.410156
62948.132325	0.789761	8.687372	0.501916
62949.196410	0.554656	-285.839844	-55.761719
62949.198410	0.777861	-285.839844	-55.761719
62949.200410	0.790626	-285.839844	-55.761719
62949.202411	0.788527	8.673795	0.444190
62950.220919	0.630630	-225.195312	308.496094
62950.222920	0.790058	-225.195312	308.496094
62950.224920	0.789259	8.681850	0.482033
62951.287441	0.780017	-277.050781	-49.511719
62951.289442	0.790149	-277.050781	-49.511719
62951.291443	0.788170	8.669868	0.562407
62952.307504	0.271203	-225.292969	309.375000
62952.309504	0.574948	-225.292969	309.375000
62952.311504	0.783758	-225.292969	309.375000
62952.313503	0.791098	-225.292969	309.375000
62952.315504	0.789062	8.679679	0.491319
62953.374091	0.518936	-289.941406	-58.203125
62953.376093	0.764462	-289.941406	-58.203125
62953.378094	0.789973	-289.941406	-58.203125
62953.380093	0.787860	8.666456	0.451740
62954.400098	0.765591	-200.000000	345.214844
62954.402098	0.790791	-200.000000	345.214844
62954.404101	0.788616	8.674778	0.495469
62955.466141	0.367070	-276.757812	-49.511719
62955.468142	0.664858	-276.757812	-49.511719
62955.472140	0.790505	-276.757812	-49.511719
62955.476141	0.788725	8.675975	0.425886
62956.486152	0.385142	-215.527344	323.046875
62956.488155	0.680043	-215.527344	323.046875
62956.490160	0.792214	-215.527344	323.046875
62956.492160	0.789573	8.685298	0.495119
62957.558210	0.771062	-281.933594	-52.343750
62957.560212	0.790079	-281.933594	-52.343750
62957.562212	0.788035	8.668388	0.437028
62958.574771	0.332461	-217.675781	319.140625
62958.576771	0.633107	-217.675781	319.140625
62958.578771	0.790305	-217.675781	319.140625
62958.580771	0.789301	8.682311	0.500238
62959.644810	0.482306	-276.855469	-48.144531
62959.646812	0.747250	-276.855469	-48.144531
62959.648811	0.791088	-276.855469	-48.144531
62959.650811	0.790990	8.700895	0.439839
62960.671297	0.777344	-190.527344	360.742187
62960.673298	0.790058	-190.527344	360.742187
62960.675299	0.788026	8.668291	0.543532
62961.735337	0.703431	-287.207031	-54.101562
62961.737337	0.792000	-287.207031	-54.101562
62961.739337	0.789253	8.681788	0.449012
62962.757854	0.492683	-210.937500	329.296875
62962.759854	0.752538	-210.937500	329.296875
62962.763854	0.788371	-210.937500	329.296875
62962.765854	0.786935	8.656282	0.473203
62963.821927	0.361092	-285.839844	-54.199219
62963.823929	0.659442	-285.839844	-54.199219
62963.825930	0.792684	-285.839844	-54.199219
62963.827931	0.790496	8.695454	0.439179
62964.846839	0.497609	-219.531250	315.136719
62964.848842	0.754959	-219.531250	315.136719
62964.850841	0.790414	-219.531250	315.136719
62964.852843	0.788112	8.669230	0.473899
62965.915793	0.483098	-279.394531	-49.121094
62965.917795	0.747535	-279.394531	-49.121094
62965.919794	0.790607	-279.394531	-49.121094
62965.921795	0.788244	8.670684	0.414802
62966.935838	0.502919	-204.199219	338.378906
62966.937837	0.757517	-204.199219	338.378906
62966.941835	0.788084	-204.199219	338.378906
62966.943838	0.786633	8.652959	0.482283
62968.003888	0.351705	-282.421875	-51.562500
62968.005889	0.650983	-282.421875	-51.562500
62968.007889	0.791991	-282.421875	-51.562500
62968.009889	0.790074	8.690810	0.422155
62969.027905	0.354004	-211.328125	329.492187
62969.029908	0.653033	-211.328125	329.492187
62969.031907	0.792120	-211.328125	329.492187
62969.033907	0.790128	8.691413	0.461845
62970.094451	0.591826	-276.464844	-47.265625
62970.096455	0.785993	-276.464844	-47.265625
62970.098454	0.789631	-276.464844	-47.265625
62970.100454	0.787738	8.665118	0.428221
62971.116500	0.298145	-213.281250	326.269531
62971.118504	0.600586	-213.281250	326.269531
62971.120503	0.788953	-213.281250	326.269531
62971.122505	0.791523	-213.281250	326.269531
62971.124502	0.789455	8.684004	0.470856
62972.185068	0.773624	-286.523437	-53.125000
62972.187069	0.790649	-286.523437	-53.125000
62972.189070	0.788427	8.672695	0.459966
62973.208005	0.678077	-216.796875	320.117187
62973.210007	0.791359	-216.796875	320.117187
62973.212007	0.788812	8.676931	0.470956
62974.272592	0.627177	-283.789062	-51.074219
62974.276594	0.789439	-283.789062	-51.074219
62974.278596	0.787656	8.664214	0.434503
62975.295118	0.404161	-217.480469	319.921875
62975.297118	0.695466	-217.480469	319.921875
62975.299118	0.792534	-217.480469	319.921875
62975.301118	0.789792	8.687708	0.489303
62976.359640	0.338971	-276.074219	-47.265625
62976.361643	0.639288	-276.074219	-47.265625
62976.363642	0.791400	-276.074219	-47.265625
62976.365643	0.790074	8.690819	0.451558
62977.383674	0.344424	-220.996094	315.820312
62977.385676	0.644306	-220.996094	315.820312
62977.387676	0.791679	-220.996094	315.820312
62977.389675	0.790058	8.690642	0.483425
62978.452637	0.330847	-276.855469	-48.046875
62978.454637	0.631678	-276.855469	-48.046875
62978.456640	0.790535	-276.855469	-48.046875
62978.458638	0.789586	8.685449	0.414161
62979.472743	0.359100	-203.222656	340.527344
62979.476742	0.791263	-203.222656	340.527344
62979.478743	0.789135	-203.222656	340.527344
62979.480743	0.787456	8.662016	0.486298
62980.544788	0.759184	-274.609375	-45.996094
62980.546788	0.790373	-274.609375	-45.996094
62980.548788	0.788200	8.670197	0.409880
62981.566819	0.512032	-206.640625	335.839844
62981.568820	0.762042	-206.640625	335.839844
62981.570822	0.790929	-206.640625	335.839844
62981.572821	0.788656	8.675213	0.450974
62982.635365	0.732152	-273.437500	-46.093750
62982.637366	0.788443	-273.437500	-46.093750
62982.639366	0.786952	8.656477	0.415932
62983.655405	0.458578	-193.164062	357.226562
62983.657405	0.733601	-193.164062	357.226562
62983.659408	0.791507	-193.164062	357.226562
62983.661406	0.788891	8.677800	0.458843
62984.723490	0.789836	-286.523437	-53.027344
62984.725493	0.789255	8.681806	0.423369
62985.746458	0.741700	-185.937500	367.968750
62985.748459	0.790342	-185.937500	367.968750
62985.750461	0.787941	8.667352	0.476576
62986.805977	2.480574	-284.179687	-52.050781
62986.811307	0.732065	-284.179687	-52.050781
62986.813306	0.791053	-284.179687	-52.050781
62986.815308	0.788492	8.673413	0.428412
62987.833823	0.533329	-221.679687	314.355469
62987.835827	0.769974	-221.679687	314.355469
62987.837826	0.789616	-221.679687	314.355469
62987.839826	0.787549	8.663036	0.480935
62988.898810	0.534714	-278.808594	-49.023437
62988.900808	0.770652	-278.808594	-49.023437
62988.902809	0.789850	-278.808594	-49.023437
62988.904810	0.787797	8.665766	0.435331
62989.924832	0.771641	-219.238281	317.675781
62989.928832	0.787968	-219.238281	317.675781
62989.930839	0.786588	8.652472	0.490122
62990.991759	0.519852	-277.246094	-48.339844
62990.993762	0.765290	-277.246094	-48.339844
62990.995764	0.790660	-277.246094	-48.339844
62990.997762	0.788396	8.672359	0.400074
62992.017776	0.765480	-202.441406	343.750000
62992.019777	0.790049	-202.441406	343.750000
62992.021779	0.787876	8.666635	0.441614
62993.080287	0.456049	-284.472656	-52.148437
62993.082289	0.731897	-284.472656	-52.148437
62993.084294	0.791162	-284.472656	-52.148437
62993.086297	0.788640	8.675044	0.406328
62994.105246	0.597845	-215.332031	323.730469
62994.107246	0.787890	-215.332031	323.730469
62994.109250	0.790527	-215.332031	323.730469
62994.111252	0.788628	8.674903	0.458457
62995.168267	0.304919	-273.046875	-45.605469
62995.170271	0.607053	-273.046875	-45.605469
62995.172277	0.789475	-273.046875	-45.605469
62995.174275	0.790874	8.699619	0.426665
62996.192285	0.307631	-212.597656	326.367187
62996.194286	0.609624	-212.597656	326.367187
62996.196287	0.788980	-212.597656	326.367187
62996.198286	0.790033	8.690358	0.479175
62997.259245	0.608902	-271.582031	-44.726562
62997.261245	0.788441	-271.582031	-44.726562
62997.263246	0.789518	8.684695	0.720710
62998.281251	0.308440	-190.429687	360.449219
62998.283254	0.610328	-190.429687	360.449219
62998.285252	0.789523	-190.429687	360.449219
62998.287254	0.790552	8.696074	0.469118
62999.347320	0.477156	-283.593750	-51.367187
62999.349322	0.744206	-283.593750	-51.367187
62999.351322	0.790707	-283.593750	-51.367187
62999.353321	0.788321	8.671535	0.428293
63000.372334	0.630086	-218.554687	318.945312
63000.374335	0.790008	-218.554687	318.945312
63000.376337	0.789202	8.681221	0.470781
63001.435254	0.323191	-274.902344	-46.875000
63001.437255	0.624436	-274.902344	-46.875000
63001.439257	0.789982	-274.902344	-46.875000
63001.441257	0.789630	8.685927	0.438159
63002.463324	0.319101	-212.109375	328.027344
63002.465325	0.620553	-212.109375	328.027344
63002.467324	0.789373	-212.109375	328.027344
63002.469325	0.789281	8.682090	0.444157
63003.529376	0.485086	-271.777344	-44.531250
63003.533376	0.790904	-271.777344	-44.531250
63003.535378	0.788536	-271.777344	-44.531250
63003.537379	0.787110	8.658215	0.408188
63004.553422	0.492544	-204.882812	339.257812
63004.555425	0.752470	-204.882812	339.257812
63004.557427	0.790658	-204.882812	339.257812
63004.559427	0.788329	8.671623	0.436945
63005.618385	0.491698	-274.902344	-46.484375
63005.622387	0.790656	-274.902344	-46.484375
63005.624387	0.788302	-274.902344	-46.484375
63005.626387	0.786846	8.655308	0.395879
63006.642398	0.495230	-201.953125	344.238281
63006.644400	0.753519	-201.953125	344.238281
63006.646402	0.790124	-201.953125	344.238281
63006.648403	0.787769	8.665463	0.459339
63007.708982	0.719620	-268.359375	-43.457031
63007.710984	0.791440	-268.359375	-43.457031
63007.712985	0.788758	8.676338	0.401427
63008.730998	0.440294	-213.476562	326.660156
63008.733000	0.721554	-213.476562	326.660156
63008.735001	0.791275	-213.476562	326.660156
63008.736999	0.788731	8.676037	0.451085
63009.797001	0.595349	-270.898437	-44.628906
63009.803002	0.787692	-270.898437	-44.628906
63009.805004	0.786436	-270.898437	-44.628906
63009.807003	0.785404	8.639444	0.411401
63010.821040	0.598915	-189.355469	362.792969
63010.823037	0.788479	-189.355469	362.792969
63010.825037	0.791082	-189.355469	362.792969
63010.827036	0.789050	8.679546	0.462753
63011.885129	0.470871	-277.050781	-47.460937
63011.887130	0.740643	-277.050781	-47.460937
63011.889131	0.790551	-277.050781	-47.460937
63011.891130	0.788177	8.669949	0.407156
63012.913159	0.790773	-205.371094	338.574219
63012.915161	0.788377	8.672146	0.460993
63013.973715	0.414319	-284.863281	-51.660156
63013.975716	0.703057	-284.863281	-51.660156
63013.977716	0.791823	-284.863281	-51.660156
63013.979715	0.789053	8.679582	0.426565
63014.997756	0.420536	-196.484375	350.976562
63014.999758	0.707395	-196.484375	350.976562
63015.001756	0.790895	-196.484375	350.976562
63015.003757	0.788265	8.670915	0.468390
63016.065779	0.261592	-282.226562	-50.000000
63016.067779	0.565816	-282.226562	-50.000000
63016.069781	0.780954	-282.226562	-50.000000
63016.071781	0.790455	-282.226562	-50.000000
63016.075779	0.787132	8.658454	0.409392
63017.093845	0.782427	-171.972656	392.675781
63017.095846	0.789705	-171.972656	392.675781
63017.097846	0.787785	8.665632	0.594374
63018.155952	0.449233	-280.175781	-49.316406
63018.157952	0.727495	-280.175781	-49.316406
63018.159954	0.791266	-280.175781	-49.316406
63018.161955	0.788731	8.676037	0.406428
63019.180449	0.523128	-185.937500	369.531250
63019.182449	0.766852	-185.937500	369.531250
63019.184451	0.790940	-185.937500	369.531250
63019.186450	0.788793	8.676728	0.436957
63020.244521	0.390219	-281.250000	-49.707031
63020.246521	0.684204	-281.250000	-49.707031
63020.248522	0.792070	-281.250000	-49.707031
63020.250522	0.789383	8.683215	0.395100
63021.269526	0.539615	-185.546875	369.531250
63021.271528	0.772537	-185.546875	369.531250
63021.273528	0.790087	-185.546875	369.531250
63021.275528	0.787976	8.667733	0.455061
63022.333578	0.405940	-278.906250	-48.437500
63022.335579	0.696989	-278.906250	-48.437500
63022.337580	0.793284	-278.906250	-48.437500
63022.339580	0.790480	8.695277	0.400573
63023.360125	0.749705	-200.097656	345.996094
63023.362126	0.790399	-200.097656	345.996094
63023.364127	0.788092	8.669009	0.466334
63024.422719	0.433020	-276.171875	-46.289062
63024.424722	0.716546	-276.171875	-46.289062
63024.426724	0.791074	-276.171875	-46.289062
63024.428728	0.788398	8.672377	0.403327
63025.452774	0.712252	-166.699219	401.660156
63025.454776	0.791664	-166.699219	401.660156
63025.456776	0.788955	8.678510	0.419834
63026.512824	0.601505	-279.199219	-47.949219
63026.514824	0.789594	-279.199219	-47.949219
63026.516824	0.792106	-279.199219	-47.949219
63026.518823	0.790028	8.690305	0.684783
63027.539364	0.370393	-175.097656	387.304687
63027.541365	0.667506	-175.097656	387.304687
63027.543367	0.791679	-175.097656	387.304687
63027.545365	0.789315	8.682463	0.429349
63028.607399	0.769904	-279.980469	-47.851562
63028.609400	0.790365	-279.980469	-47.851562
63028.615399	0.785882	8.644699	0.374618
63029.629414	0.534871	-202.050781	343.164062
63029.631418	0.771105	-202.050781	343.164062
63029.633416	0.790442	-202.050781	343.164062
63029.635417	0.788321	8.671526	0.443803
63030.695990	0.743715	-277.832031	-46.582031
63030.697990	0.790856	-277.832031	-46.582031
63030.699991	0.788415	8.672563	0.383950
63031.718540	0.558550	-208.300781	335.156250
63031.720542	0.778302	-208.300781	335.156250
63031.722542	0.789630	-208.300781	335.156250
63031.724543	0.787628	8.663904	0.443483
63032.783444	0.550455	-268.066406	-41.894531
63032.785447	0.775951	-268.066406	-41.894531
63032.787447	0.789712	-268.066406	-41.894531
63032.789448	0.787670	8.664365	0.461927
63033.807496	0.558204	-181.250000	378.613281
63033.809496	0.778649	-181.250000	378.613281
63033.811498	0.790311	-181.250000	378.613281
63033.813496	0.788238	8.670613	0.530674
63034.871563	0.424608	-281.250000	-48.242187
63034.873563	0.710670	-281.250000	-48.242187
63034.875564	0.791525	-281.250000	-48.242187
63034.877564	0.788853	8.677383	0.393836
63035.898130	0.760624	-169.433594	397.460937
63035.900131	0.790501	-169.433594	397.460937
63035.902132	0.788279	8.671074	0.438794
63036.962160	0.667518	-278.222656	-45.898437
63036.964164	0.791766	-278.222656	-45.898437
63036.966163	0.789343	8.682773	0.401668
63037.988730	0.442488	-177.734375	383.691406
63037.990732	0.722997	-177.734375	383.691406
63037.992733	0.791161	-177.734375	383.691406
63037.994731	0.788558	8.674140	0.411963
63039.054803	0.605051	-279.785156	-45.800781
63039.056804	0.788869	-279.785156	-45.800781
63039.058803	0.790107	-279.785156	-45.800781
63039.060805	0.788246	8.670711	0.675379
63040.077763	0.451401	-200.683594	344.140625
63040.079766	0.728837	-200.683594	344.140625
63040.081764	0.790943	-200.683594	344.140625
63040.083766	0.788387	8.672253	0.416330
63041.144750	0.730944	-268.261719	-40.332031
63041.146753	0.791079	-268.261719	-40.332031
63041.148753	0.788554	8.674096	0.375674
63042.166764	0.455566	-199.804687	345.019531
63042.168766	0.731461	-199.804687	345.019531
63042.170766	0.791021	-199.804687	345.019531
63042.172764	0.788420	8.672616	0.436357
63043.231754	0.462010	-271.679687	-42.089844
63043.233755	0.735466	-271.679687	-42.089844
63043.235755	0.790870	-271.679687	-42.089844
63043.237755	0.788363	8.671995	0.379720
63044.257800	0.742078	-168.164062	399.414062
63044.259801	0.790807	-168.164062	399.414062
63044.263799	0.788321	8.671535	0.423823
63045.319838	0.326458	-275.195312	-43.652344
63045.321841	0.627477	-275.195312	-43.652344
63045.323841	0.791256	-275.195312	-43.652344
63045.327838	0.788793	8.676720	0.391430
63046.345863	0.633175	-202.050781	343.847656
63046.347865	0.790311	-202.050781	343.847656
63046.349865	0.789338	8.682718	0.436116
63047.410401	0.567716	-283.300781	-47.753906
63047.412404	0.780717	-283.300781	-47.753906
63047.414403	0.789589	-283.300781	-47.753906
63047.416403	0.787641	8.664046	0.528171
63048.432375	0.259483	-181.250000	378.222656
63048.434376	0.563777	-181.250000	378.222656
63048.436376	0.779968	-181.250000	378.222656
63048.438376	0.789933	-181.250000	378.222656
63048.440377	0.787933	8.667263	0.445639
63049.500430	0.715576	-282.226562	-45.996094
63049.502434	0.791516	-282.226562	-45.996094
63049.504432	0.788814	8.676959	0.393296
63050.526973	0.497639	-201.855469	344.335937
63050.528972	0.754879	-201.855469	344.335937
63050.530971	0.790373	-201.855469	344.335937
63050.532972	0.788084	8.668929	0.401503
63051.593055	0.663592	-266.699219	-37.695312
63051.595055	0.791853	-266.699219	-37.695312
63051.597057	0.789511	8.684625	0.372114
63052.615069	0.368019	-178.125000	381.542969
63052.617071	0.665458	-178.125000	381.542969
63052.619072	0.792236	-178.125000	381.542969
63052.621072	0.789884	8.688727	0.412754
63053.681140	0.535015	-281.445312	-44.628906
63053.683143	0.770701	-281.445312	-44.628906
63053.685142	0.789757	-281.445312	-44.628906
63053.687144	0.787627	8.663896	0.382357
63054.707666	0.788992	-201.171875	344.921875
63054.709668	0.789731	-201.171875	344.921875
63054.711668	0.787876	8.666635	0.731015
63055.771708	0.743961	-269.824219	-38.769531
63055.773708	0.791122	-269.824219	-38.769531
63055.775709	0.788710	8.675816	0.375300
63056.793796	0.489706	-195.703125	354.199219
63056.795797	0.750901	-195.703125	354.199219
63056.797797	0.790353	-195.703125	354.199219
63056.799796	0.790221	8.692432	0.432133
63057.858306	0.421221	-282.226562	-45.214844
63057.860308	0.708028	-282.226562	-45.214844
63057.866306	0.786985	-282.226562	-45.214844
63057.868309	0.785916	8.645072	0.395458
63058.883244	0.562550	-197.851562	349.609375
63058.885245	0.779635	-197.851562	349.609375
63058.887247	0.789973	-197.851562	349.609375
63058.889246	0.787824	8.666066	0.431410
63059.947796	0.500215	-270.800781	-38.867187
63059.949795	0.522163	-270.800781	-38.867187
63059.951796	0.790480	-270.800781	-38.867187
63059.953795	0.790350	8.693851	0.395461
63060.978283	0.778484	-195.117187	355.761719
63060.980285	0.789180	-195.117187	355.761719
63060.982285	0.787210	8.659314	0.401937
63062.039234	0.781734	-270.214844	-38.476562
63062.041237	0.789637	-270.214844	-38.476562
63062.043239	0.787641	8.664046	0.549726
63063.065267	0.562788	-165.625000	405.078125
63063.067268	0.779477	-165.625000	405.078125
63063.069268	0.789598	-165.625000	405.078125
63063.071268	0.787657	8.664232	0.517256
63064.131344	0.715763	-278.222656	-42.285156
63064.133347	0.791471	-278.222656	-42.285156
63064.135344	0.788839	8.677234	0.364145
63065.155913	0.763461	-178.320312	382.617187
63065.157916	0.790416	-178.320312	382.617187
63065.159916	0.788238	8.670613	0.397314
63066.217935	0.376578	-277.441406	-41.992187
63066.219938	0.672867	-277.441406	-41.992187
63066.221938	0.792600	-277.441406	-41.992187
63066.223935	0.790074	8.690819	0.371354
63067.243973	0.677459	-196.191406	352.734375
63067.245976	0.791339	-196.191406	352.734375
63067.247974	0.788773	8.676506	0.426446
63068.306925	0.380936	-270.996094	-38.281250
63068.308928	0.676491	-270.996094	-38.281250
63068.310927	0.791849	-270.996094	-38.281250
63068.312927	0.789301	8.682311	0.389722
63069.331009	0.393961	-177.734375	382.910156
63069.333010	0.687537	-177.734375	382.910156
63069.335010	0.794023	-177.734375	382.910156
63069.337012	0.791318	8.704502	0.411900
63070.397061	1.751539	-283.691406	-43.945312
63070.399063	0.777832	-283.691406	-43.945312
63070.401064	0.789833	-283.691406	-43.945312
63070.403064	0.787818	8.665996	0.475380
63071.423040	0.776465	-175.390625	387.500000
63071.425043	0.789680	-175.390625	387.500000
63071.427040	0.787587	8.663461	0.425885
63072.485054	0.412781	-284.472656	-44.433594
63072.487056	0.701889	-284.472656	-44.433594
63072.489057	0.791633	-284.472656	-44.433594
63072.491055	0.788922	8.678137	0.396101
63073.514012	0.541277	-168.457031	399.902344
63073.516015	0.773223	-168.457031	399.902344
63073.518014	0.790057	-168.457031	399.902344
63073.520015	0.788028	8.668308	0.417295
63074.576059	0.965244	-270.898437	-37.597656
63074.578064	0.791478	-270.898437	-37.597656
63074.580063	0.788736	8.676099	0.384709
63075.602052	0.404704	-165.136719	405.664062
63075.604054	0.695718	-165.136719	405.664062
63075.608053	0.789159	-165.136719	405.664062
63075.610053	0.787581	8.663390	0.392105
63076.668054	0.559097	-282.714844	-43.066406
63076.672056	0.789868	-282.714844	-43.066406
63076.674055	0.787886	-282.714844	-43.066406
63076.676055	0.786530	8.651825	0.467864
63077.692090	0.565455	-186.035156	368.261719
63077.694090	0.780800	-186.035156	368.261719
63077.696090	0.790321	-186.035156	368.261719
63077.698092	0.788321	8.671535	0.523524
63078.757049	0.564086	-278.027344	-40.234375
63078.759050	0.779763	-278.027344	-40.234375
63078.761050	0.780933	-278.027344	-40.234375
63078.763052	0.787592	8.663514	0.497086
63079.781558	0.640658	-189.843750	363.476562
63079.783559	0.645691	-189.843750	363.476562
63079.785562	0.789324	8.682559	0.404603
63080.846094	0.577845	-279.492187	-40.527344
63080.848097	0.783199	-279.492187	-40.527344
63080.850097	0.789610	-279.492187	-40.527344
63080.852097	0.787648	8.664125	0.552171
63081.870607	0.653448	-187.890625	366.796875
63081.872609	0.790619	-187.890625	366.796875
63081.874610	0.788669	8.675354	0.408749
63082.933170	0.293391	-283.007812	-42.675781
63082.935172	0.595933	-283.007812	-42.675781
63082.937173	0.787315	-283.007812	-42.675781
63082.939172	0.790442	-283.007812	-42.675781
63082.941171	0.788507	8.673573	0.377835
63083.961716	0.363563	-163.378906	409.179687
63083.963720	0.661395	-163.378906	409.179687
63083.965718	0.791032	-163.378906	409.179687
63083.967718	0.788851	8.677358	0.378903
63085.025772	0.773164	-278.320312	-40.039062
63085.029773	0.787784	-278.320312	-40.039062
63085.031775	0.786368	8.650043	0.414141
63086.053787	0.768808	-154.589844	424.707031
63086.055787	0.790970	-154.589844	424.707031
63086.057788	0.788806	8.676861	0.373543
63087.111844	0.409588	-276.757812	-38.671875
63087.113845	0.699481	-276.757812	-38.671875
63087.115844	0.791734	-276.757812	-38.671875
63087.117846	0.789000	8.678996	0.380858
63088.139854	0.395191	-161.132812	413.867187
63088.143852	0.793088	-161.132812	413.867187
63088.145855	0.790361	-161.132812	413.867187
63088.147855	0.788700	8.675700	0.402738
63089.199932	0.272766	-276.855469	-39.160156
63089.201933	0.576315	-276.855469	-39.160156
63089.203935	0.783159	-276.855469	-39.160156
63089.205933	0.790024	-276.855469	-39.160156
63089.207941	0.788005	8.668052	0.392568
63090.229972	0.570056	-193.066406	357.617187
63090.231974	0.781493	-193.066406	357.617187
63090.233975	0.789777	-193.066406	357.617187
63090.235975	0.787813	8.665942	0.398264
63091.295981	0.713142	-280.468750	-41.015625
63091.297984	0.791834	-280.468750	-41.015625
63091.299985	0.789067	8.679732	0.356163
63092.320542	0.761967	-178.613281	382.519531
63092.322544	0.790932	-178.613281	382.519531
63092.324544	0.788673	8.675399	0.390803
63093.383061	0.444922	-270.996094	-36.132812
63093.385063	0.724605	-270.996094	-36.132812
63093.387064	0.791243	-270.996094	-36.132812
63093.389062	0.788666	8.675327	0.376149
63094.409112	0.730054	-193.261719	357.128906
63094.411115	0.790725	-193.261719	357.128906
63094.415112	0.786719	8.653908	0.397892
63095.472075	0.451857	-276.953125	-39.257812
63095.474078	0.728900	-276.953125	-39.257812
63095.476078	0.790551	-276.953125	-39.257812
63095.478077	0.787998	8.667981	0.364502
