num crossings	time (s)	maj axis (mm)	min axis (mm)	theta (rad )	slope (V/s)
1929	62791.238707	43.528190	13.817899	-0.444052	2.836211
1931	62793.333872	43.215017	9.452014	-0.495257	3.275197
1933	62795.425214	45.350515	13.818588	-0.454703	3.378304
1935	62797.517386	45.670676	13.754365	-0.456509	3.425005
1937	62799.607047	45.647763	13.136153	-0.453575	3.567930
1939	62801.695199	46.311205	12.943363	-0.457216	3.274968
1941	62803.782999	44.867368	12.912564	-0.456130	3.064362
1943	62805.871613	45.888601	12.971789	-0.473173	2.931931
1945	62807.959596	47.925740	12.966000	-0.481733	2.608262
1947	62810.049264	47.730993	12.623033	-0.472777	2.743884
1949	62812.138512	48.030616	12.512419	-0.479491	2.720788
1951	62814.231039	46.590820	12.272193	-0.476405	3.131904
1953	62816.321388	49.126753	6.804226	-0.510833	3.484140
1955	62818.413888	46.983060	12.079191	-0.485515	3.930798
1957	62820.504976	49.633096	6.539300	-0.512455	4.045129
1959	62822.592663	47.937961	11.883161	-0.489537	3.976467
1961	62824.685341	50.836428	12.093886	-0.508231	4.284200
1963	62826.772860	48.643582	11.683924	-0.495437	4.092968
1965	62828.863800	49.427992	11.657216	-0.509156	3.944095
1967	62830.951822	52.102081	11.790081	-0.516360	3.975312
1969	62833.040551	52.345248	11.397337	-0.506343	3.695393
1971	62835.132234	52.382155	11.820246	-0.517467	3.946787
1973	62837.220098	52.857097	11.280329	-0.513877	4.068964
1975	62839.311607	52.011541	11.399061	-0.522425	3.867778
1977	62841.401665	53.529026	5.648281	-0.529259	4.364723
1979	62843.491622	54.110314	10.997315	-0.518366	4.437110
1981	62845.582329	54.434854	10.907382	-0.521463	4.768058
1983	62847.671627	54.828536	10.926071	-0.526782	4.828517
1985	62849.761766	52.929382	10.755680	-0.520446	4.768748
1987	62851.852189	59.232859	12.786011	-0.575970	4.947527
1989	62853.940064	56.255764	10.666381	-0.530591	4.747832
1991	62856.031133	56.228497	11.016343	-0.539425	4.689717
1993	62858.119665	54.257311	10.408205	-0.527901	4.887854
1995	62860.210022	57.834202	5.455567	-0.541713	4.457716
1997	62862.300917	55.369245	10.257729	-0.529913	4.629355
1999	62864.389711	55.158863	10.206979	-0.542765	4.749583
2001	62866.480616	58.604666	5.296987	-0.551535	4.722849
2003	62868.569962	59.238496	10.200136	-0.542476	5.202110
2005	62870.660133	57.026720	10.010963	-0.534318	5.022937
2007	62872.751002	59.170292	5.295759	-0.560837	5.167303
2009	62874.840111	59.924186	10.032441	-0.549844	5.508472
2011	62876.930369	60.087895	10.026548	-0.551148	5.225566
2013	62879.019941	61.344581	9.854869	-0.548058	5.557993
2015	62881.109007	58.365323	9.721313	-0.538565	5.478564
2017	62883.199901	61.035873	5.792871	-0.568878	5.364247
2019	62885.290128	58.382431	9.575368	-0.545610	5.631590
2021	62887.379757	61.393311	5.812870	-0.567225	5.403911
2023	62889.470168	62.704177	9.675424	-0.556733	5.630294
2025	62891.559730	63.007710	9.637470	-0.556407	5.612861
2027	62893.649360	63.556868	9.553295	-0.559087	5.869403
2029	62895.739521	63.438213	9.469249	-0.560326	5.853904
2031	62897.829198	63.750077	9.409889	-0.562711	5.913195
2033	62899.919425	64.534932	9.497901	-0.564458	5.815563
2035	62902.009518	63.757466	9.813949	-0.568588	6.451998
2037	62904.099007	65.224212	9.791252	-0.570515	6.187782
2039	62906.188741	65.041188	9.252468	-0.563918	6.332418
2041	62908.278012	62.391896	9.086361	-0.552415	6.483808
2043	62910.368460	65.567340	9.281719	-0.577152	6.580630
2045	62912.458166	66.149917	9.236834	-0.566659	6.697574
2047	62914.548047	66.196421	9.258215	-0.567907	6.727386
2049	62916.638067	63.353971	8.924537	-0.553592	6.829104
2051	62918.727748	66.769324	4.246486	-0.572919	6.954921
2053	62920.818487	66.462198	9.449563	-0.573174	7.127340
2055	62922.907672	65.503261	8.991590	-0.572866	6.996559
2057	62924.997698	64.647559	8.795411	-0.569303	6.926707
2059	62927.087725	67.467872	4.471363	-0.576016	7.114631
2061	62929.176931	67.519827	9.300488	-0.574865	7.277937
2063	62931.267078	66.329683	8.715289	-0.552656	7.366057
2065	62933.357218	66.807883	8.751166	-0.572918	7.520332
2067	62935.446262	66.119000	8.604164	-0.569191	7.444659
2069	62937.536129	69.308902	8.760289	-0.580266	7.599061
2071	62939.626697	70.057254	9.082795	-0.575825	7.472697
2073	62941.716331	69.683093	8.782197	-0.572851	7.925858
2075	62943.805767	67.611782	8.515816	-0.556097	7.513304
2077	62945.895722	70.249962	3.427394	-0.572195	8.206167
2079	62947.985099	69.989399	8.709713	-0.575917	8.114213
2081	62950.075730	68.893575	8.470392	-0.554029	8.433021
2083	62952.164659	69.224547	8.485388	-0.574832	8.387441
2085	62954.254426	68.407693	8.353086	-0.570130	8.329983
2087	62956.344340	71.285977	3.272360	-0.571061	8.606976
2089	62958.433927	71.378159	8.883347	-0.577714	8.606484
2091	62960.524015	69.610049	8.346523	-0.554935	8.383794
2093	62962.613724	72.094797	8.408004	-0.581989	8.842289
2095	62964.704003	72.162375	8.455739	-0.577779	8.622659
2097	62966.793410	72.038458	8.478289	-0.575066	8.642341
2099	62968.883239	72.770607	8.765604	-0.576589	8.896230
2101	62970.972825	71.150080	8.250587	-0.552959	8.864629
2103	62973.062689	71.541954	8.209647	-0.574077	8.908690
2105	62975.152055	73.570648	8.275075	-0.579496	8.976666
2107	62977.242125	73.289216	8.498805	-0.577458	9.035271
2109	62979.331283	74.265319	8.400899	-0.575362	9.083746
2111	62981.421445	73.755137	8.698861	-0.576529	9.087118
2113	62983.510966	73.956226	8.669779	-0.576900	9.212671
2115	62985.600905	71.892887	8.083789	-0.553642	9.120595
2117	62987.691026	74.914089	3.057694	-0.570034	9.381181
2119	62989.780248	71.996428	7.995236	-0.555590	9.000373
2121	62991.870205	72.244182	8.065152	-0.567948	9.304313
2123	62993.960515	74.120829	7.608090	-0.578231	9.621487
2125	62996.049699	75.386362	8.335328	-0.571931	9.332399
2127	62998.139429	75.443760	8.560437	-0.575574	9.387318
2129	63000.229429	73.932656	7.990472	-0.550493	9.421028
2131	63002.319327	73.337299	3.844108	-0.571336	9.308628
2133	63004.408511	75.920152	8.232680	-0.574684	9.772183
2135	63006.498128	76.203427	8.261788	-0.573826	9.592017
2137	63008.588111	76.018984	8.530537	-0.572696	9.668120
2139	63010.677587	77.248633	8.187489	-0.571988	9.887072
2141	63012.767167	77.236036	8.188799	-0.570713	10.099656
2143	63014.856540	77.549004	8.233191	-0.569830	9.560984
2145	63016.946980	75.806073	7.932749	-0.571249	9.822921
2147	63019.036212	77.574819	3.613460	-0.574705	9.960507
2149	63021.125913	77.726735	8.091865	-0.570582	10.072989
2151	63023.215717	75.328464	7.813752	-0.546473	10.156008
2153	63025.305984	75.034783	7.754213	-0.564113	10.138039
2155	63027.395971	78.741862	3.391788	-0.570159	10.124445
2157	63029.484731	77.919728	8.414155	-0.569492	10.446702
2159	63031.574571	78.200231	8.396810	-0.568906	10.540157
2161	63033.664031	78.261805	8.020485	-0.567565	10.258825
2163	63035.754312	76.642714	7.775511	-0.545274	10.672721
2165	63037.843789	79.411183	7.823190	-0.574907	10.618971
2167	63039.933770	79.618483	8.269840	-0.565344	10.499365
2169	63042.023329	78.907875	8.392462	-0.567183	10.412768
2171	63044.113291	76.983626	7.739535	-0.541788	10.573063
2173	63046.203083	76.922340	7.658680	-0.559223	10.623384
2175	63048.292187	77.119516	7.637957	-0.559989	10.642645
2177	63050.381320	80.268116	7.762502	-0.571344	11.059954
2179	63052.471366	79.645287	8.361205	-0.564551	11.187158
2181	63054.561352	78.141760	7.720520	-0.540136	11.107672
2183	63056.650779	80.817016	7.731042	-0.571368	11.022448
2185	63058.741012	80.828631	8.101915	-0.563740	10.936848
2187	63060.830579	78.496793	7.718538	-0.538177	11.148372
2189	63062.920298	81.096622	7.694575	-0.568982	10.942967
2191	63065.009700	79.388512	7.738091	-0.561390	11.277935
2193	63067.099565	78.297657	7.599269	-0.554590	11.338393
2195	63069.189077	81.299078	3.533256	-0.558830	11.037517
2197	63071.278687	79.531939	7.710211	-0.534603	11.078636
2199	63073.368086	81.819985	2.580424	-0.551995	11.051009
2201	63075.458610	81.243560	8.292782	-0.559127	11.354545
2203	63077.547558	81.461348	8.067017	-0.560819	11.541505
2205	63079.637580	79.818869	7.694637	-0.533790	11.300803
2207	63081.727006	79.196516	7.621114	-0.549588	11.120586
2209	63083.817012	82.423334	7.672776	-0.562865	11.604302
2211	63085.906323	80.612693	7.663683	-0.554774	11.352620
2213	63087.996452	82.812097	2.534462	-0.548748	11.389136
2215	63090.086054	81.973848	8.294076	-0.554419	11.813744
2217	63092.175451	80.957167	7.726366	-0.554295	11.714295
